1
1 75 2
1 5 2
1 2 2
4 5 5
7 74 8
7 28 8
7 8 8
10 25 14
10 14 14
16 25 25
16 16 16
18 25 25
27 28 28
30 32 32
34 52 39
34 39 39
41 52 47
41 47 47
50 52 52
54 74 57
54 55 55
56 68 60
56 61 60
63 68 65
63 65 65
67 68 68
72 74 74
2
2 3 3
5 5 5
7 14 11
7 11 11
13 14 14
3
1 1 1
3 7 4
3 4 4
6 7 7
9 9 9
14 19 14
14 14 14
16 19 19
4
1 3 3
6 30 8
6 7 7
11 30 11
11 11 11
15 15 15
21 21 21
24 25 25
28 30 30
5
1 1 1
6
1 16 14
1 1 1
3 16 5
3 5 5
7 16 8
7 8 8
11 16 16
7
2 3 3
5 10 6
5 6 6
8 9 9
12 15 14
18 19 19
30 34 34
8
4 13 4
4 4 4
10 10 10
13 13 13
15 17 17
24 31 25
24 25 25
27 30 29
27 27 27
29 30 29
9
2 3 3
6 8 8
10 10 10
12 44 14
12 14 14
17 20 20
23 24 24
25 44 25
25 25 25
29 31 29
29 29 29
31 31 31
34 44 34
34 34 34
36 44 37
36 37 37
39 44 40
39 40 40
42 44 44
10
1 10 5
1 5 5
7 10 10
14 16 16
18 33 18
19 19 19
21 33 21
21 21 21
23 24 24
28 33 29
28 29 29
31 33 33
11
4 6 6
8 8 8
10 22 11
10 11 11
18 22 19
18 19 19
21 22 22
25 27 27
29 29 29
31 51 32
31 32 32
34 35 35
41 42 42
47 51 51
54 54 54
58 58 58
60 62 62
64 72 65
64 65 65
71 72 72
12
1 1 1
4 13 5
4 5 5
9 11 11
13 13 13
13
4 8 5
4 5 5
7 8 8
9 10 10
13 25 25
13 14 13
13 13 13
14 14 14
16 22 16
16 16 16
18 22 19
18 19 19
21 22 22
14
1 2 2
15
1 4 2
1 2 2
4 4 4
13 13 13
16 21 17
16 17 17
19 21 21
25 64 26
26 27 26
29 29 29
31 64 46
31 43 41
31 38 33
31 34 33
31 31 31
33 34 33
36 38 36
36 36 36
38 38 38
41 42 41
46 64 46
46 46 46
48 50 50
54 58 55
60 63 61
60 60 60
62 63 62
16
1 1 1
4 4 4
7 13 7
7 10 7
12 13 12
16 16 16
19 20 20
23 24 24
17
3 3 3
6 9 9
11 16 13
11 13 13
15 16 16
18
2 2 2
7 11 9
7 9 9
11 11 11
19 21 21
19
2 2 2
12 20 14
12 14 14
16 20 17
16 17 17
19 20 20
20
2 2 2
6 20 7
6 7 7
12 13 13
16 20 17
16 17 17
20 20 20
22 22 22
26 41 26
26 26 26
39 41 41
21
2 3 3
5 5 5
8 8 8
15 17 17
19 22 22
24 30 24
24 24 24
26 30 27
26 27 27
29 30 30
22
1 6 3
1 3 3
5 5 5
10 14 11
10 11 11
13 14 14
16 50 50
16 45 17
16 33 17
16 17 17
21 21 21
24 24 24
31 33 33
36 37 37
41 43 43
49 50 50
23
3 3 3
8 8 8
15 17 15
15 15 15
17 17 17
24
2 2 2
4 9 5
4 5 5
7 9 9
11 18 12
11 12 12
14 18 18
14 15 15
17 18 18
22 23 23
28 29 29
33 39 34
33 34 34
36 39 39
41 42 42
44 51 46
44 46 46
49 51 51
25
4 4 4
7 7 7
10 10 10
13 15 15
26
1 2 1
27
3 6 6
9 31 10
9 10 10
11 11 11
13 18 14
13 14 14
16 18 18
20 20 20
26 31 31
26 29 29
31 31 31
28
4 12 6
4 6 6
15 20 0
15 17 17
29
1 1 1
5 5 5
7 14 9
7 9 9
11 11 11
13 14 14
30
4 4 4
5 5 5
7 7 7
9 10 10
12 15 12
12 12 12
14 15 15
31
1 6 2
1 2 2
4 6 6
8 43 9
8 9 9
12 13 13
16 16 16
19 21 21
23 43 24
23 24 24
26 43 27
26 27 27
30 43 34
30 34 34
38 40 40
32
1 2 2
5 6 6
10 10 10
13 14 14
15 15 15
19 21 21
33
1 1 1
4 19 5
4 5 5
7 19 8
7 8 8
10 11 11
13 18 13
13 13 13
17 18 18
21 22 22
25 36 27
25 27 27
30 30 30
33 36 36
34
1 22 2
1 2 2
5 7 7
11 15 12
11 12 12
14 15 15
20 21 20
20 20 20
26 28 26
26 26 26
28 28 28
30 40 32
30 32 32
35 39 35
35 35 35
37 39 39
35
3 3 3
6 7 7
10 14 11
10 11 11
13 14 14
17 36 18
17 18 18
21 23 23
29 30 30
34 36 36
36
2 3 3
5 5 5
8 10 10
13 13 13
37
3 6 4
3 4 4
6 6 6
8 8 8
12 17 14
12 14 14
16 17 17
38
1 2 2
4 5 5
7 12 8
7 8 8
10 12 12
16 20 17
16 17 17
19 20 20
28 29 29
32 34 34
39 40 40
42 42 42
48 49 49
52 52 52
54 63 56
54 56 56
62 63 63
39
1 5 3
1 3 3
5 5 5
8 8 8
10 15 11
10 11 11
13 15 15
19 23 20
19 20 20
22 23 23
30 31 31
33 35 35
37 37 37
42 67 42
42 42 42
45 67 55
45 49 49
52 67 55
52 55 55
57 67 57
57 57 57
62 63 63
65 67 67
40
2 2 2
4 8 4
4 4 4
6 8 8
13 23 21
13 14 14
20 20 20
26 31 31
26 27 27
29 31 31
41
2 2 2
4 4 4
6 40 7
6 7 7
9 40 9
9 25 9
9 12 9
9 9 9
11 12 12
14 25 25
14 14 14
16 17 17
19 20 20
23 25 25
27 28 28
32 40 34
32 34 34
36 40 40
42
3 3 3
7 11 8
7 8 8
10 11 11
15 15 15
17 20 17
17 17 17
19 20 20
22 24 24
26 27 27
43
1 1 1
4 6 6
8 42 42
14 18 15
14 15 15
17 18 18
20 34 21
20 21 21
23 34 33
23 24 24
26 28 28
31 34 33
31 33 33
34 34 34
36 41 37
36 37 37
39 41 41
44
3 11 11
3 4 4
6 8 8
11 11 11
13 13 13
15 19 16
15 16 16
18 19 19
45
3 3 3
6 7 7
9 27 11
9 11 11
18 18 18
20 22 22
26 27 27
46
5 9 5
5 5 5
7 9 9
11 14 12
11 12 12
14 14 14
16 17 17
23 25 25
47
1 3 3
7 9 9
13 19 14
13 14 14
16 19 17
16 17 17
19 19 19
23 23 23
25 26 26
29 30 30
48
1 1 1
7 18 8
7 8 8
11 18 13
11 14 13
16 18 18
22 22 22
49
2 2 2
4 9 5
5 8 5
5 5 5
7 8 7
11 24 13
11 13 13
17 22 18
17 18 18
20 22 22
29 29 29
31 32 32
33 33 33
37 50 39
37 39 39
41 50 43
41 43 43
47 47 47
49 50 50
50
3 15 4
3 4 4
6 15 10
6 10 10
12 15 13
12 13 13
15 15 15
17 18 18
24 25 25
51
1 1 1
6 9 7
6 7 7
9 9 9
52
1 1 1
5 10 6
5 6 6
9 10 10
12 18 18
16 16 16
21 25 22
21 22 22
24 25 25
29 30 30
53
4 9 5
4 5 5
7 9 9
13 13 13
15 15 15
54
1 1 1
3 9 5
3 5 5
7 9 9
10 16 12
10 12 12
14 16 16
21 32 22
21 22 22
24 29 28
31 32 32
33 33 33
35 38 35
35 35 35
37 38 38
41 44 44
55
3 3 3
5 9 6
5 6 6
8 9 9
15 17 17
19 25 20
19 20 20
22 25 22
22 22 22
24 25 25
29 31 31
56
1 1 1
57
1 4 2
1 2 2
4 4 4
9 19 9
9 9 9
11 19 12
11 12 12
14 19 15
14 15 15
17 18 17
22 22 22
25 25 25
31 32 32
34 35 35
58
1 4 2
1 2 2
4 4 4
11 11 11
13 17 14
13 14 14
16 17 17
20 20 20
27 28 28
30 31 31
59
2 2 2
5 7 7
9 10 10
12 12 12
16 20 17
16 17 17
19 20 20
22 23 23
28 39 30
28 30 30
32 39 33
32 33 33
35 39 38
60
4 8 5
4 5 5
7 8 8
12 12 12
15 16 16
18 20 20
24 26 26
31 34 31
36 40 37
36 37 37
39 40 40
45 50 46
45 46 46
48 50 50
54 56 56
60 61 61
61
4 4 4
12 16 12
12 12 12
14 16 16
21 22 22
62
2 3 3
5 5 5
9 25 10
9 14 10
9 10 10
12 14 14
16 19 18
16 16 16
18 19 18
23 25 25
23 24 23
63
1 3 3
8 13 10
8 10 10
12 13 13
15 29 16
15 16 16
19 19 19
22 24 24
26 29 29
64
1 1 1
4 7 5
4 5 5
7 7 7
65
1 8 1
1 1 1
3 8 6
3 6 6
8 8 8
11 12 12
14 17 15
14 15 15
17 17 17
21 40 21
21 21 21
23 39 23
23 24 23
26 39 30
26 31 30
26 30 30
31 31 31
33 39 38
33 36 35
38 39 38
66
1 10 5
1 5 5
7 9 7
7 7 7
9 9 9
12 13 13
16 23 16
16 16 16
18 23 20
18 20 20
22 23 23
67
1 4 1
1 1 1
3 4 4
9 12 11
9 9 9
11 12 11
17 23 18
17 18 18
20 23 23
26 31 27
26 27 27
29 31 31
68
6 9 9
12 14 14
17 23 18
17 18 18
20 23 23
25 26 26
29 32 31
29 29 29
31 32 31
36 39 37
36 37 37
39 39 39
69
2 6 2
2 3 2
5 5 5
9 11 11
14 17 17
70
1 7 3
1 4 3
9 18 11
9 11 11
13 18 14
13 14 14
16 18 18
71
2 2 2
5 5 5
9 14 10
9 10 10
12 14 14
72
1 4 1
1 1 1
3 4 4
8 9 9
73
1 1 1
6 6 6
9 15 11
9 11 11
13 15 15
17 19 19
21 33 23
21 23 23
28 33 28
28 28 28
31 33 33
37 54 40
37 40 40
42 44 44
52 53 53
74
1 1 1
10 14 11
10 11 11
13 14 14
18 19 19
28 35 29
28 29 29
35 35 35
75
5 6 6
8 11 8
8 8 8
10 11 11
76
1 9 2
2 2 2
4 8 8
11 16 13
11 13 13
16 16 16
21 22 22
24 26 26
28 29 29
31 33 33
77
1 1 1
3 4 4
6 6 6
8 11 9
8 9 9
11 11 11
78
3 4 4
79
2 11 2
2 2 2
4 4 4
6 10 10
13 14 14
80
1 1 1
4 6 6
8 11 9
8 9 9
11 11 11
17 78 18
18 36 18
18 33 18
18 18 18
22 31 23
22 26 23
22 23 23
25 25 25
28 31 31
28 28 28
30 30 30
33 33 33
35 35 35
38 78 78
38 47 47
38 44 44
38 38 38
40 43 43
46 46 46
49 52 49
49 49 49
51 51 51
58 73 59
58 62 59
58 59 59
61 61 61
64 73 73
64 70 70
64 64 64
66 69 69
72 72 72
75 75 75
77 77 77
81
5 5 5
9 18 0
9 10 10
13 18 13
13 13 13
16 18 18
21 21 21
24 26 26
30 30 30
32 34 34
37 39 39
82
4 4 4
6 9 7
6 7 7
9 9 9
83
1 1 1
4 6 6
8 10 10
14 18 15
14 16 15
18 18 18
20 20 20
22 30 23
22 29 23
22 23 23
25 25 25
30 30 30
84
1 1 1
4 6 6
8 42 9
8 9 9
11 11 11
14 14 14
16 17 17
18 18 18
20 29 23
20 23 23
25 29 29
32 32 32
34 36 36
40 42 40
40 40 40
42 42 42
85
2 2 2
4 4 4
7 7 7
10 11 11
17 17 17
86
2 3 3
6 6 6
8 29 29
8 11 11
8 8 8
14 28 15
14 15 15
17 17 17
21 28 25
21 25 25
22 22 22
27 27 27
87
1 6 2
1 3 2
8 18 9
8 9 9
11 18 11
11 11 11
14 14 14
17 18 18
88
1 35 1
1 2 1
3 5 5
7 32 8
7 8 8
10 13 11
10 11 11
13 13 13
18 20 20
25 31 27
25 27 27
29 31 31
37 37 37
41 50 41
41 42 41
43 43 43
45 48 48
89
1 2 2
5 6 6
90
3 4 4
6 6 6
12 13 13
91
6 9 9
92
3 8 3
3 3 3
6 8 8
93
2 2 2
4 7 7
4 6 4
4 4 4
6 6 6
10 10 10
13 18 13
13 14 13
22 23 23
27 34 29
27 29 29
32 34 32
32 32 32
34 34 34
94
2 5 5
10 10 10
12 15 15
19 19 19
21 21 21
95
2 3 3
7 8 7
96
97
2 4 4
5 5 5
7 7 7
9 16 10
9 10 10
12 16 13
12 13 13
15 16 16
98
1 6 4
1 4 4
6 6 6
10 16 11
10 11 11
13 16 16
19 26 20
19 20 20
23 25 23
23 23 23
99
3 3 3
5 8 6
5 6 6
8 8 8
10 10 10
12 17 14
12 14 14
16 17 17
20 21 21
22 25 23
22 23 23
25 25 25
100
3 3 3
6 7 7
9 12 12
14 14 14
17 20 18
17 18 18
20 20 20
22 24 24
26 26 26
28 29 29
34 36 36
101
2 3 3
5 5 5
8 34 9
8 9 9
14 16 16
20 27 21
20 21 21
23 23 23
25 27 27
29 32 32
29 29 29
102
1 1 1
3 5 5
7 7 7
9 10 10
12 14 14
17 25 17
17 17 17
19 25 20
19 20 20
22 25 25
103
1 26 21
1 2 2
3 8 4
3 4 4
6 8 8
10 26 12
10 12 12
14 14 14
16 20 20
104
1 2 2
4 23 6
4 6 6
8 23 8
8 8 8
11 14 14
16 23 20
16 20 20
22 22 22
105
3 3 3
12 15 12
12 12 12
14 14 14
18 20 20
106
1 2 2
4 25 5
4 5 5
9 25 11
9 11 11
14 25 18
14 18 18
16 16 16
20 20 20
23 25 25
107
1 3 3
5 28 7
5 7 7
10 28 12
10 15 12
10 12 12
14 14 14
17 25 18
17 18 18
21 25 21
21 21 21
23 25 25
27 27 27
30 30 30
32 40 33
32 37 33
32 33 33
35 35 35
37 37 37
39 39 39
108
2 2 2
4 5 5
7 9 9
109
2 2 2
4 6 6
110
2 2 2
4 7 5
4 5 5
7 7 7
9 12 10
9 10 10
11 12 12
15 17 17
18 41 33
18 26 21
24 26 26
31 41 33
31 33 33
38 41 41
111
1 1 1
4 5 5
8 16 8
8 11 8
8 8 8
13 16 13
13 13 13
112
4 4 4
6 10 7
6 7 7
9 10 10
13 13 13
15 21 16
15 16 16
18 21 21
23 23 23
27 28 28
32 40 34
32 34 34
38 38 38
40 40 40
113
1 1 1
4 6 6
8 10 10
13 17 14
13 14 14
16 16 16
20 20 20
114
1 1 1
3 9 4
3 4 4
7 8 8
12 18 13
12 13 13
15 18 18
22 22 22
115
3 5 5
7 7 7
9 27 10
9 10 10
13 13 13
16 27 18
16 18 18
22 25 25
116
2 6 6
8 8 8
10 12 12
14 14 14
16 17 17
21 21 21
23 23 23
27 28 28
30 31 31
33 35 34
117
4 14 14
4 4 4
5 14 6
5 6 6
7 14 8
7 8 8
10 10 10
17 20 17
17 17 17
25 28 26
25 26 26
33 36 36
40 41 41
43 45 45
48 49 49
118
4 4 4
6 6 6
8 9 9
11 18 12
11 12 12
15 15 15
20 48 39
20 28 22
20 22 22
24 24 24
31 48 39
31 39 39
33 38 36
33 36 36
38 38 38
40 48 42
40 42 42
44 44 44
119
1 1 1
4 6 6
11 12 12
15 15 15
17 18 18
20 20 20
22 22 22
24 25 25
26 27 27
120
1 1 1
5 9 6
5 6 6
8 9 9
12 13 13
15 16 16
121
4 5 5
7 8 8
10 10 10
122
3 4 4
7 10 8
7 8 8
10 10 10
123
1 1 1
4 4 4
8 20 10
8 10 10
12 20 13
12 13 13
15 19 15
15 15 15
17 19 19
23 23 23
26 29 29
26 26 26
28 28 28
124
3 3 3
5 6 6
9 11 11
125
1 6 3
1 3 3
6 6 6
126
2 3 3
5 5 5
10 15 14
10 11 11
13 15 14
13 14 14
17 19 19
24 31 31
26 26 26
127
2 4 4
6 7 7
16 20 16
16 16 16
18 20 20
26 28 28
30 31 31
33 38 36
33 36 36
38 38 38
128
4 7 7
9 9 9
11 12 12
129
2 7 3
2 3 3
5 7 7
9 9 9
11 30 12
11 12 12
16 16 16
17 30 21
17 21 21
25 25 25
27 30 28
27 28 28
30 30 30
130
1 1 1
3 24 4
3 4 4
6 6 6
10 10 10
12 12 12
14 24 15
14 15 15
16 22 18
16 17 17
21 22 22
24 24 24
131
1 1 1
3 24 4
8 9 9
11 24 23
12 24 23
12 19 19
12 16 16
12 13 13
18 18 18
21 24 24
22 22 22
28 28 28
132
1 2 2
7 27 8
7 17 8
7 8 8
10 16 16
20 22 22
24 27 25
24 25 25
27 27 27
29 31 31
33 36 34
33 34 34
36 36 36
133
1 1 1
4 10 6
12 13 12
16 17 17
22 27 23
22 23 23
25 26 26
134
4 5 5
11 16 12
11 12 12
14 15 15
135
2 2 2
4 8 6
4 6 6
8 8 8
11 11 11
14 15 15
17 20 20
24 30 24
24 24 24
26 29 26
26 27 26
28 29 28
136
2 3 3
5 5 5
8 13 9
8 9 9
11 13 13
16 16 16
137
2 2 2
4 4 4
6 11 7
6 7 7
9 11 11
13 13 13
15 17 17
138
1 1 1
6 13 8
6 8 8
10 13 13
17 21 18
17 18 18
20 21 21
22 23 23
139
1 6 1
1 2 1
4 5 5
8 10 10
12 12 12
14 34 15
14 15 15
17 34 18
17 18 18
25 25 25
29 29 29
31 34 32
31 32 32
34 34 34
140
1 2 2
5 9 6
5 6 6
8 9 9
141
4 18 5
4 14 5
4 5 5
7 7 7
9 13 13
16 18 18
20 20 20
22 33 30
22 26 23
22 23 23
25 26 26
29 33 30
29 30 30
32 33 33
142
1 2 2
4 4 4
8 46 36
8 20 8
8 13 8
8 8 8
10 12 10
10 10 10
12 12 12
15 18 15
15 15 15
17 17 17
20 20 20
22 30 24
22 25 24
27 30 29
34 46 36
34 36 36
38 46 38
38 43 38
38 38 38
39 43 43
45 45 45
143
1 1 1
3 6 4
3 4 4
6 6 6
144
2 43 2
2 2 2
4 5 5
7 7 7
9 39 9
9 13 9
9 11 9
9 9 9
11 11 11
12 13 13
15 35 16
15 16 16
19 34 20
19 20 20
22 23 23
25 25 25
27 31 27
27 29 27
27 27 27
29 29 29
30 31 31
33 34 34
35 35 35
37 39 37
37 37 37
39 39 39
41 43 43
45 59 46
45 46 46
48 49 49
51 51 51
53 57 53
53 55 53
53 53 53
55 55 55
56 57 57
59 59 59
60 60 60
63 63 63
65 65 65
67 67 67
72 111 73
72 73 73
74 74 74
77 77 77
79 80 80
82 111 84
82 84 84
87 111 90
87 90 90
94 94 94
98 101 98
98 98 98
100 100 100
105 107 107
109 109 109
145
1 6 4
1 4 4
6 6 6
9 9 9
146
1 5 1
1 1 1
3 3 3
147
1 2 2
8 8 8
10 42 11
10 11 11
18 19 19
21 42 22
21 22 22
25 25 25
27 28 28
32 41 34
32 34 34
36 41 37
36 37 37
39 41 41
148
1 1 1
4 12 5
4 5 5
7 7 7
11 12 12
149
2 2 2
4 12 8
4 8 8
10 12 12
16 16 16
18 26 19
23 23 23
26 26 26
31 32 32
33 34 34
40 41 41
48 50 50
52 54 54
58 59 59
62 65 63
62 63 63
150
6 11 0
6 7 7
11 11 11
13 15 15
18 25 20
18 20 20
23 25 25
27 27 27
29 30 30
32 42 34
32 37 34
32 34 34
36 36 36
46 49 46
46 46 46
48 48 48
52 52 52
56 56 56
151
2 3 3
6 15 7
6 7 7
9 15 15
9 10 10
12 12 12
14 15 15
19 19 19
22 22 22
152
2 5 5
2 3 3
6 6 6
11 11 11
13 13 13
19 25 20
19 20 20
22 25 25
29 29 29
32 32 32
153
2 2 2
3 11 6
3 6 6
8 11 9
8 9 9
11 11 11
15 21 16
15 16 16
18 21 21
154
1 2 1
155
1 7 1
1 1 1
3 6 3
156
1 2 2
4 5 5
7 7 7
9 13 10
9 10 10
12 13 13
157
2 4 4
6 6 6
8 22 20
8 10 10
13 13 13
19 19 19
25 26 26
158
1 48 1
1 15 1
1 2 1
4 5 5
7 8 8
12 15 15
17 18 18
22 22 22
24 28 24
24 24 24
26 28 28
32 34 34
37 37 37
40 41 41
45 47 47
159
2 2 2
3 3 3
5 6 6
8 9 9
11 13 13
16 18 18
21 29 23
21 23 23
25 27 27
28 28 28
160
2 4 4
6 6 6
8 16 9
8 9 9
13 16 14
13 14 14
16 16 16
161
1 2 2
162
3 4 4
6 7 7
12 16 13
12 13 13
15 16 16
19 20 20
22 24 24
163
4 8 5
4 5 5
7 8 8
10 10 10
12 39 13
12 13 13
15 39 35
15 16 15
15 15 15
16 16 16
18 22 19
18 19 19
21 22 22
24 26 25
24 25 25
26 26 26
28 29 29
32 39 35
32 35 35
37 39 39
164
1 2 2
4 4 4
8 14 9
8 9 9
11 13 11
11 11 11
13 13 13
165
2 4 4
6 9 6
6 6 6
8 8 8
12 12 12
14 14 14
166
2 4 4
6 9 6
6 6 6
8 8 8
11 14 11
11 11 11
13 13 13
167
2 2 2
4 14 6
4 11 6
4 7 6
9 11 11
13 13 13
16 19 18
168
1 2 2
169
3 5 3
3 3 3
5 5 5
7 21 11
7 11 11
9 9 9
13 20 20
23 24 24
26 28 26
26 26 26
27 28 28
30 46 31
30 31 31
33 34 34
36 36 36
38 42 38
38 40 38
38 38 38
40 40 40
41 42 42
44 46 46
49 49 49
51 52 52
55 82 56
55 56 56
58 59 59
61 61 61
63 67 67
69 78 69
69 69 69
71 78 78
80 82 82
84 87 87
91 111 110
92 97 96
92 96 96
92 92 92
94 94 94
97 97 97
100 111 101
100 102 101
104 104 104
106 109 107
106 107 107
108 109 109
111 111 111
113 113 113
115 118 118
115 115 115
117 117 117
121 124 124
127 127 127
129 130 130
134 139 139
136 136 136
141 143 142
142 142 142
145 145 145
149 149 149
152 154 154
157 158 158
170
1 2 1
4 6 5
8 8 8
10 24 12
10 12 12
14 16 16
17 19 19
23 24 24
171
1 3 2
172
1 1 1
3 6 6
173
2 8 4
2 4 4
7 7 7
11 11 11
15 15 15
17 20 20
17 17 17
19 19 19
22 26 22
22 22 22
24 26 26
30 30 30
32 45 33
32 33 33
35 45 35
35 42 35
35 35 35
37 41 40
44 45 45
47 53 47
47 50 47
52 53 53
174
3 5 5
7 11 11
8 8 8
10 11 11
13 14 13
17 18 18
175
1 2 2
6 7 7
12 14 14
16 16 16
18 41 20
18 20 20
22 30 24
22 24 24
26 30 30
39 41 41
176
1 5 1
1 2 1
3 5 5
7 26 9
7 9 9
11 12 12
17 19 19
24 26 26
28 28 28
30 36 32
30 32 32
39 39 39
45 46 46
49 50 50
52 53 53
55 55 55
58 60 60
177
1 6 6
9 27 12
9 12 12
16 17 17
22 25 23
22 23 23
25 25 25
29 32 29
29 29 29
31 32 32
35 36 36
40 44 41
40 41 41
43 44 44
178
2 3 3
5 5 5
6 6 6
10 10 10
17 18 18
22 26 26
28 30 30
179
2 2 2
9 16 9
9 9 9
13 14 14
180
2 2 2
181
3 5 5
8 9 9
11 11 11
13 23 15
13 15 15
22 23 23
26 27 26
182
2 7 3
2 3 3
5 7 7
9 9 9
11 52 12
11 12 12
15 18 18
21 22 22
25 26 26
28 51 30
28 36 30
28 33 30
28 30 30
35 35 35
38 50 43
38 43 43
39 41 41
45 50 50
45 48 48
50 50 50
183
1 2 1
4 4 4
6 14 7
6 7 7
9 14 10
9 10 10
12 14 14
184
1 6 4
1 4 4
6 6 6
10 26 11
10 11 11
13 26 17
13 17 17
19 20 20
23 25 23
23 23 23
185
1 8 4
1 4 4
6 8 8
10 11 11
12 12 12
186
1 2 1
187
3 8 4
3 4 4
6 8 8
188
1 1 1
4 19 4
4 4 4
7 7 7
9 18 10
9 10 10
11 11 11
16 18 18
189
1 2 2
5 7 6
5 6 6
10 10 10
12 12 12
14 15 15
190
2 2 2
3 3 3
5 9 6
5 6 6
8 9 9
10 10 10
12 12 12
14 23 16
14 16 16
21 23 23
191
4 16 6
4 6 6
8 9 8
12 16 13
12 14 13
192
1 1 1
4 4 4
8 11 11
12 13 13
15 20 20
15 15 15
17 20 20
193
1 19 2
1 2 2
3 4 4
6 19 7
6 8 7
11 12 12
18 19 19
21 24 23
194
4 4 4
6 15 8
6 8 8
10 13 11
10 11 11
13 13 13
14 14 14
195
3 3 3
196
4 10 7
4 7 7
9 9 9
11 12 12
14 15 15
197
5 5 5
198
2 2 2
3 5 4
199
5 5 5
200
4 20 6
4 9 6
4 6 6
8 8 8
12 13 13
18 19 19
201
2 3 3
5 36 6
5 16 6
5 13 6
5 6 6
8 12 12
15 15 15
18 33 30
18 18 18
24 24 24
26 27 27
29 33 30
29 31 30
33 33 33
35 35 35
38 40 40
202
1 5 1
1 1 1
2 2 2
8 9 9
12 43 31
12 28 13
12 13 13
20 20 20
22 27 23
22 23 23
25 27 27
30 43 31
30 31 31
33 43 35
33 35 35
42 43 43
203
2 2 2
4 7 5
4 5 5
7 7 7
11 14 14
16 30 17
16 17 17
20 30 21
20 21 21
23 26 26
28 30 28
28 28 28
30 30 30
34 37 37
39 48 40
39 40 40
42 48 42
42 42 42
44 48 45
44 45 45
47 48 48
204
2 2 2
4 7 5
4 5 5
7 7 7
10 11 11
12 12 12
13 13 13
21 21 21
23 26 24
23 24 24
26 26 26
29 30 30
205
1 1 1
4 4 4
9 16 10
9 11 10
13 16 16
19 25 20
21 21 21
206
1 3 3
8 11 9
17 24 18
17 19 18
21 24 24
207
1 2 2
3 3 3
7 19 9
7 9 9
12 19 19
208
1 7 2
1 2 2
5 6 6
7 7 7
10 22 13
10 13 13
15 22 20
17 20 20
22 22 22
27 34 28
27 29 28
31 34 34
209
1 1 1
4 11 11
13 15 13
22 22 22
25 41 28
25 28 28
29 29 29
33 34 34
36 39 37
36 37 37
39 39 39
210
2 3 3
5 8 6
5 6 6
8 8 8
12 13 13
14 16 16
19 20 20
211
1 5 0
1 2 2
8 8 8
12 25 14
12 14 14
15 16 16
23 25 25
212
2 3 3
6 6 6
9 10 10
11 49 11
11 11 11
16 19 17
16 17 17
19 19 19
25 29 26
25 26 26
28 29 29
34 37 35
34 35 35
37 37 37
39 42 39
39 39 39
41 42 42
44 48 44
44 44 44
46 48 48
213
2 5 5
2 2 2
4 5 5
6 6 6
9 9 9
12 14 14
16 16 16
20 22 21
214
2 2 2
3 4 4
6 10 7
6 7 7
9 10 10
215
3 5 5
7 7 7
9 10 10
13 16 14
13 14 14
16 16 16
18 18 18
21 26 22
21 22 22
24 26 26
31 31 31
38 38 38
216
1 6 1
1 2 1
4 5 5
8 13 9
8 9 9
11 13 13
15 15 15
17 28 19
17 19 19
26 28 26
26 26 26
28 28 28
217
1 3 1
11 13 11
11 11 11
13 13 13
18 18 18
20 21 21
218
2 5 3
2 2 2
5 5 5
7 12 9
7 9 9
11 12 12
14 14 14
16 17 17
20 20 20
219
2 7 3
2 3 3
5 7 7
9 9 9
11 44 12
11 15 12
11 12 12
14 15 15
17 34 18
17 18 18
20 34 31
20 21 20
20 20 20
21 21 21
23 27 24
23 24 24
26 27 27
30 34 31
30 31 31
33 34 34
37 44 39
37 39 39
40 42 42
46 49 46
46 46 46
48 49 49
220
1 3 3
5 68 6
5 38 6
5 6 6
7 9 9
12 15 12
12 12 12
14 14 14
17 21 17
17 17 17
19 21 21
23 35 23
23 23 23
24 35 35
24 32 28
27 28 28
30 32 32
35 35 35
39 47 42
39 42 42
44 46 46
48 62 56
48 59 56
48 49 49
52 54 52
52 52 52
54 54 54
56 59 56
56 56 56
58 58 58
66 66 66
67 68 68
70 71 71
74 127 75
74 86 75
74 75 75
78 80 78
78 78 78
80 80 80
82 86 86
84 84 84
88 88 88
90 127 91
90 94 91
90 91 91
92 94 94
96 127 98
96 98 98
100 122 102
100 102 102
104 105 105
107 108 108
110 110 110
112 112 112
114 118 114
114 116 114
114 114 114
116 116 116
117 118 118
120 122 122
126 127 127
129 151 131
129 131 131
133 134 134
136 137 137
139 139 139
141 141 141
143 147 143
143 145 143
143 143 143
145 145 145
146 147 147
149 151 151
155 157 156
159 161 160
163 163 163
165 179 167
165 167 167
169 171 171
172 174 174
178 179 179
221
1 2 1
222
1 1 1
3 6 6
223
5 5 5
11 11 11
16 18 16
20 27 27
20 21 21
23 27 27
23 24 24
26 26 26
30 30 30
32 32 32
34 49 36
34 36 36
38 38 38
43 44 44
47 47 47
224
1 2 2
4 7 5
4 5 5
7 7 7
9 18 9
9 15 9
9 9 9
11 11 11
14 14 14
17 18 18
21 21 21
23 33 24
23 24 24
26 33 26
26 26 26
28 28 28
30 32 32
35 35 35
225
1 2 2
4 24 6
4 6 6
10 20 12
10 15 12
10 13 12
15 15 15
17 20 17
17 17 17
19 19 19
22 24 23
226
2 2 2
4 6 6
227
1 1 1
5 5 5
13 20 16
13 16 16
26 31 28
26 28 28
30 30 30
34 38 38
228
1 1 1
4 6 6
8 38 8
8 8 8
10 13 11
10 11 11
13 13 13
16 16 16
18 20 20
22 22 22
26 29 28
26 28 28
34 35 35
37 37 37
41 46 41
41 41 41
43 45 45
52 55 54
54 54 54
229
3 8 3
3 3 3
5 5 5
7 7 7
10 12 12
17 26 18
17 18 18
20 26 20
20 20 20
23 25 25
230
1 34 1
1 2 1
3 5 5
7 31 9
7 9 9
11 12 12
17 19 19
24 30 26
24 26 26
28 30 30
36 36 36
38 41 39
38 39 39
41 41 41
44 62 49
44 49 49
50 50 50
55 57 57
59 62 62
231
1 3 3
7 7 7
11 13 13
17 17 17
19 25 22
19 22 22
24 25 25
31 32 32
35 35 35
232
1 9 0
1 1 1
5 9 6
5 6 6
8 9 9
12 12 12
17 32 19
17 19 19
21 21 21
23 32 24
23 24 24
27 28 28
30 32 31
34 34 34
36 40 37
36 37 37
39 40 40
43 44 44
233
1 6 4
1 4 4
6 6 6
10 17 11
10 11 11
13 17 17
20 27 21
20 21 21
24 26 24
24 24 24
234
1 8 4
1 4 4
6 8 8
11 12 12
235
1 5 1
1 1 1
3 3 3
236
2 2 2
4 9 5
4 5 5
7 9 9
13 13 13
15 19 16
15 16 16
18 19 19
21 21 21
237
2 2 2
4 5 5
6 6 6
11 15 12
11 12 12
14 15 15
18 18 18
20 21 21
23 23 23
28 29 29
32 32 32
34 36 36
238
1 3 3
5 5 5
7 7 7
12 14 14
18 19 19
23 25 25
31 37 34
31 34 34
36 36 36
40 41 41
44 44 44
47 48 48
50 50 50
53 56 56
53 53 53
55 55 55
239
1 7 7
10 25 11
10 11 11
13 25 14
13 14 14
16 25 25
16 19 19
21 25 25
240
1 2 1
4 4 4
6 15 7
6 7 7
9 15 10
9 10 10
12 15 15
241
1 6 4
1 4 4
6 6 6
10 18 11
10 11 11
13 18 18
21 28 22
21 22 22
25 27 25
25 25 25
242
1 6 6
8 9 9
10 21 10
10 10 10
12 21 13
12 13 13
15 21 15
15 15 15
17 21 18
17 18 18
243
1 2 1
4 4 4
6 9 7
6 7 7
9 9 9
11 18 18
244
1 6 4
1 4 4
6 6 6
10 18 11
10 11 11
13 18 18
245
1 2 2
4 5 5
7 7 7
10 12 12
14 15 15
19 28 19
19 19 19
24 28 25
24 25 25
27 28 28
32 32 32
246
4 4 4
6 7 7
8 13 13
15 21 21
15 15 15
17 17 17
20 21 21
247
1 2 1
6 6 6
8 12 12
15 35 17
15 17 17
19 35 20
19 20 20
24 26 25
24 25 25
26 26 26
28 34 30
28 30 30
32 34 34
248
2 2 2
4 32 5
4 5 5
7 32 7
7 7 7
10 14 11
10 11 11
13 14 14
16 29 18
16 20 18
16 18 18
20 20 20
22 22 22
24 28 28
249
3 4 4
6 7 7
11 13 12
11 12 12
13 13 13
15 17 16
15 16 16
17 17 17
20 21 21
250
1 2 1
251
1 1 1
3 9 3
3 3 3
5 9 6
5 6 6
8 9 9
11 12 12
16 20 18
16 18 18
20 20 20
252
4 5 5
253
2 2 2
4 10 5
4 5 5
10 10 10
11 11 11
13 14 14
254
6 6 6
8 16 10
8 10 10
14 16 16
20 20 20
22 28 23
22 23 23
25 28 28
25 25 25
255
2 2 2
3 3 3
256
2 2 2
4 7 7
9 9 9
12 24 14
12 15 14
12 14 14
18 24 18
18 22 18
18 19 18
24 24 24
257
3 4 4
6 6 6
8 9 9
12 12 12
15 20 17
15 17 17
19 20 20
23 24 24
258
1 3 3
6 6 6
8 11 9
8 9 9
11 11 11
14 15 15
259
1 1 1
3 4 4
6 9 7
6 7 7
9 9 9
12 18 18
16 17 17
20 21 21
23 27 24
23 24 24
26 27 27
31 34 32
31 32 32
34 34 34
35 39 38
35 38 38
260
1 1 1
4 30 7
4 7 7
11 12 12
15 15 15
18 29 21
18 18 18
20 29 21
20 21 21
23 29 29
23 23 23
25 26 26
28 29 29
33 36 33
33 33 33
35 36 36
261
1 1 1
6 10 7
6 7 7
9 10 10
13 14 14
19 25 22
19 22 22
24 24 24
262
1 1 1
6 15 8
6 8 8
10 15 11
10 11 11
13 15 15
263
1 2 1
4 24 4
4 13 4
4 4 4
6 6 6
8 12 12
15 24 15
15 15 15
17 17 17
19 23 23
26 26 26
30 32 30
34 39 35
34 35 35
37 39 37
37 37 37
39 39 39
264
1 2 2
4 40 5
4 5 5
7 40 8
7 8 8
10 40 14
10 15 14
16 18 18
20 40 23
20 23 23
25 26 26
31 33 33
38 40 40
42 42 42
44 50 46
44 46 46
53 53 53
55 82 55
55 55 55
57 82 58
57 64 58
57 58 58
60 63 63
66 82 67
66 67 67
69 69 69
71 76 76
79 81 81
265
1 1 1
266
2 3 3
5 5 5
7 7 7
9 9 9
11 12 12
14 14 14
16 25 16
16 16 16
19 24 24
20 20 20
22 22 22
25 25 25
267
1 1 1
3 24 22
3 18 5
3 5 5
7 18 18
8 17 17
8 10 9
12 12 12
14 14 14
16 16 16
21 24 22
21 22 22
23 24 24
26 26 26
30 43 43
30 40 40
30 33 33
30 30 30
36 39 36
36 36 36
37 39 38
46 46 46
268
2 8 8
4 4 4
6 6 6
10 10 10
12 18 14
12 14 14
20 20 20
22 26 24
22 24 24
26 26 26
269
3 5 3
3 3 3
5 5 5
8 28 13
8 25 13
8 13 13
9 11 9
9 9 9
11 11 11
15 25 17
15 18 17
19 22 21
27 27 27
31 31 31
33 33 33
270
2 14 13
2 13 13
2 7 7
2 2 2
4 6 4
4 4 4
6 6 6
10 12 10
10 10 10
12 12 12
14 14 14
16 16 16
18 70 19
18 24 19
18 19 19
21 23 21
21 21 21
23 23 23
25 35 33
25 33 33
25 25 25
27 27 27
29 31 29
29 29 29
31 31 31
34 35 34
37 47 38
37 38 38
40 40 40
42 46 46
49 70 50
49 66 50
49 50 50
52 65 53
52 62 53
52 53 53
55 55 55
57 61 61
64 65 65
68 69 69
73 76 76
80 82 82
83 86 86
83 83 83
85 85 85
271
1 2 1
272
1 1 1
4 6 6
273
2 5 2
2 4 2
2 2 2
4 4 4
8 8 8
10 11 11
16 16 16
18 18 18
24 25 25
27 27 27
30 32 32
35 42 42
38 40 39
46 46 46
274
2 6 3
2 3 3
5 6 5
7 7 7
11 11 11
14 14 14
22 80 80
22 24 23
26 28 28
30 45 32
30 36 32
30 32 32
34 34 34
38 45 45
39 43 43
48 73 48
48 49 48
50 50 50
54 57 55
54 55 55
57 57 57
61 61 61
65 65 65
67 67 67
70 72 71
76 80 80
78 78 78
82 101 101
82 98 97
82 97 97
82 82 82
84 84 84
89 91 90
94 95 95
98 98 98
100 100 100
275
2 2 2
4 5 5
276
2 2 2
4 5 5
7 13 7
7 7 7
11 13 13
277
2 6 2
2 3 2
5 6 5
7 7 7
9 10 10
12 12 12
14 33 21
14 21 21
17 17 17
19 19 19
23 33 24
23 24 24
25 25 25
28 30 30
32 33 32
278
3 3 3
5 7 7
9 9 9
13 37 15
14 35 15
14 15 15
17 34 17
17 17 17
19 24 21
19 21 21
23 24 24
26 26 26
28 33 30
28 30 30
32 32 32
37 37 37
279
2 3 3
5 5 5
7 31 19
7 28 19
7 27 19
7 21 19
7 19 19
8 16 11
8 11 11
13 16 16
23 26 26
280
1 5 1
1 1 1
281
2 3 2
5 12 12
7 10 10
15 29 16
15 16 16
18 29 29
18 23 21
18 21 21
18 18 18
25 28 28
282
3 5 5
7 9 7
7 7 7
9 9 9
283
3 7 7
9 39 9
9 24 9
9 9 9
11 11 11
15 23 16
15 16 16
19 20 20
22 22 22
26 38 34
26 34 34
36 36 36
47 50 50
47 47 47
49 49 49
284
1 1 1
4 5 5
10 13 13
285
1 20 5
1 11 5
1 6 5
8 11 11
13 13 13
15 19 19
286
2 5 5
7 16 13
7 10 10
12 16 13
12 13 13
15 15 15
20 21 21
23 34 24
23 24 24
26 34 28
26 28 28
31 31 31
33 33 33
36 37 37
39 42 39
39 39 39
41 41 41
287
2 8 5
2 5 5
7 7 7
10 10 10
12 21 16
12 16 16
14 14 14
18 18 18
20 20 20
288
5 8 8
10 12 12
16 23 18
16 18 18
20 23 20
20 20 20
22 22 22
289
2 6 5
2 5 5
8 8 8
10 13 10
10 10 10
12 12 12
16 26 18
16 18 18
21 26 23
21 23 23
25 25 25
28 31 28
28 28 28
30 30 30
33 43 43
33 40 40
33 34 34
36 36 36
38 38 38
42 42 42
45 45 45
47 50 47
47 47 47
49 49 49
52 52 52
290
2 3 3
4 5 5
8 8 8
10 13 10
10 10 10
16 36 17
16 17 17
19 36 30
19 26 20
19 20 20
22 22 22
28 36 30
28 30 30
32 32 32
291
3 3 3
5 14 11
5 11 11
5 8 5
5 5 5
7 7 7
292
1 1 1
3 28 3
3 3 3
8 27 9
8 12 9
8 9 9
11 11 11
14 27 14
14 17 14
14 14 14
16 16 16
19 22 19
19 19 19
21 21 21
24 27 24
24 24 24
26 26 26
293
1 1 1
5 6 6
8 13 9
8 9 9
11 12 12
15 18 15
15 15 15
17 18 18
294
1 24 1
1 2 1
4 5 5
7 11 10
13 24 14
13 14 14
16 24 17
16 21 17
16 17 17
19 20 20
26 26 26
295
1 2 1
296
1 2 2
4 8 5
4 5 5
7 8 7
7 7 7
10 10 10
12 25 13
12 22 13
12 13 13
15 18 18
24 25 25
297
1 1 1
4 6 6
298
1 4 1
1 1 1
3 3 3
7 52 8
7 8 8
10 43 11
10 11 11
12 12 12
16 16 16
18 42 19
18 22 19
18 19 19
21 21 21
26 34 34
26 27 27
29 31 31
38 41 38
38 38 38
40 40 40
45 52 45
45 45 45
47 51 48
47 48 48
50 51 51
299
1 4 1
1 1 1
3 3 3
8 16 9
8 9 9
11 16 13
11 13 13
300
2 5 2
2 2 2
4 4 4
7 7 7
10 10 10
12 15 15
20 25 21
20 21 21
23 23 23
27 34 31
27 31 31
28 28 28
33 33 33
301
1 1 1
7 7 7
9 17 10
9 11 10
13 14 14
18 18 18
20 58 21
20 35 21
20 29 21
20 28 21
20 25 21
20 21 21
31 34 33
41 41 41
44 50 50
44 45 45
47 47 47
52 58 54
52 55 54
57 58 58
302
1 8 1
1 4 1
1 1 1
3 3 3
6 8 8
11 12 12
15 18 18
15 15 15
20 20 20
23 23 23
26 27 27
30 38 30
30 33 30
30 30 30
32 32 32
35 38 35
35 35 35
37 37 37
41 49 46
41 41 41
43 43 43
46 46 46
48 48 48
55 55 55
57 57 57
62 63 63
67 72 69
67 69 69
71 71 71
73 73 73
75 79 76
75 76 76
78 78 78
81 84 81
81 81 81
83 83 83
88 88 88
303
1 20 1
1 2 1
3 4 4
6 20 7
6 7 7
9 20 10
9 17 10
9 10 10
11 17 13
11 13 13
15 16 16
22 23 22
304
1 2 1
305
1 2 2
4 25 5
4 5 5
7 25 7
7 22 7
7 7 7
10 21 20
10 19 19
10 10 10
12 13 13
18 18 18
21 21 21
24 25 25
306
1 18 1
1 1 1
3 3 3
6 17 8
6 8 8
13 17 14
13 14 14
16 17 16
307
2 15 3
2 8 3
2 3 3
5 8 5
5 5 5
7 7 7
10 15 12
10 12 12
14 15 15
17 17 17
20 50 50
20 45 41
20 20 20
23 34 23
23 32 23
23 26 23
23 23 23
29 31 29
29 29 29
31 31 31
33 33 33
37 41 38
38 40 38
38 38 38
40 40 40
43 45 45
47 49 47
47 47 47
49 49 49
308
1 1 1
2 4 3
2 2 2
4 4 4
7 22 8
7 8 8
10 12 10
10 10 10
12 12 12
16 16 16
19 22 19
19 19 19
21 21 21
309
1 2 1
4 4 4
6 10 7
6 7 7
9 10 10
310
2 2 2
4 6 6
8 20 13
8 13 13
11 11 11
15 19 17
15 17 17
19 19 19
22 24 24
311
2 5 2
2 2 2
4 4 4
7 9 9
12 12 12
14 17 15
14 15 15
17 17 17
312
3 5 5
8 9 9
14 17 14
14 14 14
16 16 16
20 20 20
313
1 2 1
314
1 11 1
1 1 1
3 10 9
3 6 3
9 10 9
315
1 2 2
4 5 5
7 7 7
10 15 11
10 11 11
13 15 15
18 21 21
23 23 23
316
1 1 1
3 3 3
6 8 8
12 13 13
317
1 4 2
1 2 2
3 4 3
6 17 17
6 6 6
8 8 8
10 14 14
17 17 17
19 19 19
21 25 25
28 28 28
318
1 3 3
8 22 9
8 9 9
11 21 12
11 12 12
14 15 15
17 18 18
20 21 21
319
3 3 3
6 7 7
9 11 9
16 16 16
20 20 20
22 22 22
320
5 12 6
5 6 6
8 12 10
8 10 10
11 12 12
14 14 14
16 17 17
20 20 20
22 28 23
22 23 23
25 28 25
25 25 25
27 27 27
33 39 34
33 34 34
36 39 36
36 36 36
38 38 38
321
4 5 5
10 18 10
10 13 10
10 10 10
12 12 12
15 18 15
15 15 15
17 17 17
322
1 2 1
4 15 15
4 4 4
6 6 6
8 12 12
15 15 15
17 17 17
19 23 23
26 44 26
26 26 26
28 44 29
28 29 29
33 35 34
33 34 34
35 35 35
37 43 39
37 39 39
41 43 43
323
1 3 3
5 6 6
10 12 11
10 11 11
12 12 12
14 16 15
14 15 15
16 16 16
19 20 20
324
1 2 1
325
1 1 1
3 8 4
3 4 4
6 8 8
326
1 7 2
1 2 2
4 7 7
327
2 2 2
4 16 6
4 6 6
10 16 12
10 12 12
15 15 15
328
2 9 9
2 2 2
4 4 4
7 7 7
11 21 21
11 11 11
14 14 14
15 18 15
15 15 15
17 17 17
20 21 21
329
3 7 4
3 4 4
6 6 6
10 10 10
12 19 19
12 12 12
14 19 15
14 15 15
17 18 18
21 26 21
21 21 21
24 26 26
330
2 8 0
2 3 3
6 8 8
10 10 10
12 29 14
12 15 14
12 14 14
17 18 18
22 29 22
22 25 22
22 22 22
27 28 28
331
1 7 3
1 3 3
5 7 7
12 14 14
16 17 17
20 21 21
332
2 13 3
2 3 3
6 10 7
6 7 7
9 9 9
13 13 13
15 16 16
333
2 3 2
5 16 16
5 5 5
7 7 7
9 13 13
16 16 16
18 18 18
20 24 24
27 27 27
334
2 2 2
5 34 7
5 7 7
9 34 10
9 31 10
9 10 10
11 31 20
11 23 20
11 20 20
12 19 19
13 18 15
13 15 15
24 26 24
31 31 31
335
1 2 2
7 21 8
7 8 8
10 20 11
10 11 11
13 14 14
16 17 17
19 20 20
336
3 3 3
6 7 7
9 11 9
16 16 16
20 20 20
22 22 22
337
1 2 1
4 15 15
4 4 4
6 6 6
8 12 12
15 15 15
17 17 17
19 23 23
26 37 26
26 26 26
28 37 30
28 30 30
34 36 36
338
1 2 2
4 13 6
4 6 6
10 12 12
339
1 2 1
340
1 1 1
3 8 4
3 4 4
6 8 8
10 15 11
10 11 11
13 15 15
341
2 2 2
4 12 6
4 6 6
10 12 12
342
1 1 1
3 4 4
343
1 3 3
7 11 8
7 8 8
10 10 10
14 14 14
344
2 3 3
5 8 7
6 7 7
13 21 15
13 15 15
19 21 21
345
3 5 5
7 7 7
9 29 12
9 12 12
14 16 14
14 14 14
16 16 16
18 18 18
28 29 28
28 28 28
346
1 13 3
1 3 3
5 13 6
5 6 6
8 8 8
10 10 10
12 13 13
16 21 18
16 18 18
20 21 21
347
2 4 4
8 12 9
8 9 9
11 11 11
15 15 15
18 18 18
21 21 21
23 25 25
27 27 27
29 35 31
30 30 30
31 34 31
31 31 31
33 33 33
37 37 37
348
3 6 5
4 5 5
11 19 13
11 13 13
17 19 19
349
3 5 5
7 7 7
9 33 12
9 12 12
14 16 14
14 14 14
16 16 16
18 18 18
28 33 28
28 28 28
31 31 31
33 33 33
37 37 37
39 47 40
39 42 40
39 40 40
41 42 42
44 47 45
44 45 45
47 47 47
49 52 52
49 49 49
51 52 52
350
3 13 4
3 8 4
3 4 4
5 8 7
10 12 12
15 17 15
15 15 15
17 17 17
19 20 20
351
4 5 5
6 6 6
10 14 11
10 11 11
13 13 13
17 17 17
22 23 23
27 32 28
27 28 28
30 32 30
30 30 30
32 32 32
352
4 7 5
4 5 5
7 7 7
8 18 13
8 13 13
15 18 16
15 16 16
18 18 18
353
1 1 1
3 11 10
3 3 3
5 5 5
8 11 10
354
1 4 2
1 2 2
4 4 4
6 6 6
355
1 8 3
1 3 3
5 5 5
7 7 7
356
1 10 1
1 1 1
3 3 3
6 9 6
6 6 6
8 9 8
357
2 3 3
5 5 5
358
2 8 2
2 2 2
4 8 4
359
1 10 1
1 1 1
3 3 3
6 9 6
6 6 6
8 9 8
360
1 9 1
1 3 1
7 8 8
361
1 5 1
1 2 1
4 4 4
362
1 10 1
1 1 1
3 3 3
6 9 6
6 6 6
8 9 8
363
2 2 2
364
2 3 2
365
1 5 1
1 1 1
3 4 3
366
1 5 3
1 3 3
5 5 5
7 7 7
367
1 5 2
1 2 2
368
1 15 3
1 3 3
5 8 5
5 5 5
7 8 8
11 15 14
369
3 5 3
8 9 9
370
1 5 2
1 2 2
371
3 3 3
372
2 3 3
5 6 6
373
2 2 2
374
1 8 4
1 4 4
6 7 7
375
1 5 1
1 1 1
3 4 3
376
1 3 3
6 8 8
377
2 16 2
2 2 2
4 16 7
4 7 7
9 12 12
14 15 14
18 18 18
378
1 5 1
1 1 1
3 4 3
379
1 6 5
380
1 4 1
1 1 1
3 4 4
6 7 7
381
1 10 1
1 1 1
3 3 3
6 9 6
6 6 6
8 9 8
382
1 12 4
1 4 4
6 11 8
6 8 8
10 11 11
383
1 4 1
1 1 1
3 4 4
6 7 7
384
1 6 1
8 11 8
8 8 8
10 11 11
385
1 12 2
1 2 2
4 5 5
7 11 11
386
1 11 3
1 3 3
5 10 5
5 5 5
7 10 10
14 14 14
387
1 6 1
8 11 8
8 8 8
10 11 11
388
1 10 1
1 1 1
4 5 5
8 9 9
389
1 11 3
1 3 3
5 10 5
5 5 5
7 10 10
14 14 14
390
1 6 1
1 1 1
3 5 4
3 4 4
5 5 5
391
1 8 1
1 3 1
1 1 1
3 3 3
5 7 7
392
1 5 2
1 2 2
393
1 10 1
1 1 1
3 3 3
6 9 6
6 6 6
8 9 8
394
2 4 4
6 10 10
6 7 7
9 10 10
395
2 2 2
396
2 4 4
397
1 2 1
398
2 10 2
2 2 2
4 10 4
4 4 4
6 10 7
6 7 7
9 9 9
399
2 3 3
8 12 9
8 9 9
11 11 11
400
1 11 2
1 2 2
4 4 4
7 10 7
7 7 7
9 10 9
401
2 2 2
402
2 5 2
403
1 1 1
