1
2 3
5 12
14 31
14 17
19 31
19 22
24 31
24 27
29 30
32 33
34 34
36 38
41 46
41 43
45 45
48 50
52 54
2
1 2
7 11
7 7
9 11
14 22
14 17
14 14
16 17
21 22
3
1 3
6 8
13 14
16 32
16 17
19 32
19 19
26 30
4
1 7
1 4
6 7
10 10
12 26
12 14
17 20
17 17
19 20
22 22
24 26
5
1 1
9 15
9 10
12 15
12 12
14 15
6
1 12
1 9
1 2
4 9
11 11
15 17
21 22
27 47
27 27
32 34
36 37
40 46
40 41
43 43
45 46
50 52
53 53
7
1 2
7 8
10 14
10 10
12 14
16 16
20 20
22 26
22 23
25 26
28 28
8
1 3
1 1
3 3
5 6
9 15
9 11
13 15
9
2 7
2 3
5 7
9 11
17 23
17 18
20 23
20 21
28 28
30 51
30 32
37 39
41 42
46 47
49 51
54 56
54 54
56 56
61 65
61 61
63 65
70 70
76 92
76 78
82 91
82 83
85 85
88 91
97 99
105 107
109 111
118 123
118 119
121 123
126 126
128 128
132 137
143 146
149 150
153 178
153 155
157 158
166 178
166 168
172 173
176 177
10
1 14
1 2
5 14
5 9
7 7
13 14
18 24
18 18
20 20
23 24
11
3 3
4 5
10 10
15 22
15 20
18 18
22 22
25 26
12
3 6
8 8
11 13
13
1 2
5 8
5 5
7 7
14 15
14
1 1
4 5
8 8
10 13
16 19
21 21
26 30
26 29
15
3 3
9 10
15 54
15 20
17 17
22 26
22 23
25 26
29 32
29 29
31 32
35 36
39 40
43 54
43 44
46 54
46 47
50 54
50 51
53 54
16
3 5
8 8
12 12
20 55
20 20
22 55
22 23
26 26
29 48
29 38
29 34
29 31
33 34
36 37
43 43
49 55
49 50
54 55
17
2 3
5 5
8 10
12 14
19 19
24 25
27 40
27 28
30 40
30 31
35 38
40 40
18
1 1
5 5
7 101
7 8
10 101
10 15
10 11
14 14
17 79
17 38
17 24
17 18
20 24
20 20
22 24
26 32
26 26
28 28
31 32
36 38
40 41
43 43
46 59
46 47
49 59
49 53
51 51
55 58
55 55
57 58
63 79
63 65
67 71
67 67
69 71
74 76
78 79
81 100
81 81
83 83
86 100
86 89
86 87
89 89
91 95
91 94
95 95
97 100
99 100
19
1 5
1 3
5 5
7 23
7 9
11 22
11 17
19 22
20
1 2
5 5
8 26
8 8
11 25
11 11
14 20
14 14
16 20
16 18
20 20
30 30
34 34
38 40
41 44
41 41
43 44
21
1 2
22
2 7
2 3
5 7
23
1 6
1 2
5 6
9 10
24
3 3
25
3 5
9 20
9 14
16 19
16 16
18 19
26
2 2
4 6
14 17
27
1 4
1 2
7 8
10 13
10 10
13 13
28
2 2
4 30
4 8
10 29
10 10
12 12
15 29
15 19
15 16
18 19
21 24
21 21
23 24
26 29
26 26
28 29
35 49
35 36
38 49
38 46
48 49
29
1 6
1 3
5 6
14 14
17 20
17 17
19 19
26 27
30
1 1
4 8
11 11
13 13
15 15
23 25
30 32
34 34
38 40
38 38
40 40
42 42
45 65
45 45
48 65
48 56
48 50
52 52
54 54
58 65
58 58
60 65
60 62
64 64
31
3 5
32
1 1
6 9
6 6
8 8
13 13
33
3 5
7 7
9 9
14 17
14 16
26 28
34
1 3
5 26
5 6
9 10
13 14
18 26
18 19
21 26
21 21
24 26
35
1 3
5 21
10 21
10 12
15 17
19 21
36
1 2
4 10
4 6
9 10
37
1 5
1 2
4 4
38
1 18
1 3
6 11
6 7
9 11
15 15
17 17
23 25
28 28
31 31
33 36
35 35
40 40
44 44
49 49
53 53
39
1 4
6 6
11 11
40
3 3
5 5
8 8
11 11
13 14
41
1 1
2 5
2 2
4 5
4 4
8 18
8 15
9 12
9 9
10 12
16 18
42
1 8
4 7
4 4
5 7
43
2 2
4 9
4 7
9 9
44
1 1
3 8
5 6
10 10
12 18
12 13
18 18
20 20
22 23
22 22
45
1 6
1 1
2 5
46
1 2
4 15
4 5
7 15
7 7
11 14
11 11
13 13
20 20
47
3 4
6 10
12 25
12 13
15 17
15 15
17 17
20 20
24 24
48
1 4
6 14
6 7
9 13
9 9
11 11
13 13
17 17
49
1 1
4 14
7 13
7 8
10 13
10 11
13 13
16 23
16 16
18 23
18 18
20 22
20 20
22 22
26 31
26 27
36 36
38 53
38 47
38 39
42 43
45 47
50 53
50 51
53 53
50
1 1
3 3
6 12
6 9
11 12
51
4 4
8 8
10 23
12 12
15 17
15 15
17 17
18 21
25 25
27 27
31 31
34 40
34 36
38 40
43 47
43 45
47 47
52
2 4
6 8
6 6
8 8
10 10
13 35
13 14
15 15
19 20
23 35
23 25
30 34
30 32
34 34
53
1 8
1 5
7 8
12 18
54
1 8
1 5
7 8
12 20
55
1 2
7 8
10 10
12 13
15 18
17 17
20 27
20 24
20 21
23 23
26 27
56
2 2
4 12
4 6
14 14
18 19
21 21
24 24
28 29
31 31
33 34
57
1 3
8 15
8 10
12 15
12 12
14 14
18 18
58
1 3
5 7
9 10
59
1 2
4 8
4 5
7 8
60
1 2
4 7
4 5
7 7
61
1 2
4 7
4 5
7 7
62
1 2
6 6
63
4 4
7 13
7 8
10 13
64
3 3
5 5
65
1 7
1 4
6 6
11 14
18 25
18 19
24 25
66
1 1
3 3
5 11
5 6
8 11
8 9
67
1 12
1 1
3 11
3 9
3 3
6 9
18 25
18 19
21 25
23 23
27 27
30 36
30 31
33 36
33 33
35 36
68
1 3
1 1
69
1 7
1 3
5 7
11 31
14 15
21 25
21 22
24 25
30 31
70
1 4
10 10
12 13
15 27
15 15
17 27
17 18
20 27
20 21
23 26
23 23
25 26
71
2 3
5 5
9 23
9 11
13 23
13 14
17 19
21 23
72
1 2
6 9
13 18
13 13
15 18
15 15
17 18
73
1 7
1 2
4 5
74
3 4
75
2 2
4 14
7 9
11 12
76
1 1
4 8
5 5
7 7
10 26
10 11
14 15
19 20
22 26
22 23
25 26
77
2 26
2 22
2 9
2 2
4 8
11 14
11 11
13 13
16 22
16 17
19 21
24 25
78
4 4
6 20
6 12
6 7
9 12
9 9
11 11
14 20
14 14
15 20
15 17
19 19
79
2 8
2 3
5 5
7 7
10 13
10 11
13 13
80
3 3
6 10
6 8
10 10
15 15
18 19
81
1 6
1 2
4 4
82
2 3
83
1 2
4 19
4 5
9 9
10 18
12 16
12 13
15 16
19 19
84
3 3
5 5
9 9
12 12
14 16
18 20
22 22
25 25
27 27
30 32
30 31
85
2 3
6 32
6 20
9 10
14 14
17 17
19 19
22 22
24 24
28 28
86
2 4
6 7
9 11
9 9
11 11
12 12
87
2 7
2 2
4 7
4 4
6 7
9 18
10 11
14 18
14 15
17 18
88
2 3
5 5
11 11
89
1 16
1 3
7 15
7 7
9 14
9 10
12 14
18 20
23 28
90
5 9
5 7
5 5
7 7
9 9
11 13
15 31
15 22
20 20
24 30
24 24
26 26
29 30
91
1 3
7 14
7 8
11 14
92
1 1
3 6
3 3
5 5
9 14
9 10
12 14
93
1 2
4 12
4 4
6 12
15 16
94
1 1
3 26
3 8
3 4
5 8
5 5
7 7
10 26
10 18
11 15
11 11
21 26
21 22
24 26
29 31
33 34
37 39
95
1 3
5 15
5 11
5 7
8 11
8 8
10 10
13 15
13 13
14 15
17 32
17 19
29 32
29 29
31 31
96
3 5
6 23
6 6
8 8
12 17
12 13
15 17
19 23
97
1 3
5 6
8 8
10 10
98
1 6
1 1
5 5
99
3 8
10 10
13 33
13 17
15 15
19 33
19 20
23 24
30 30
32 33
100
3 4
6 27
6 8
10 16
10 10
12 12
15 16
19 19
23 23
25 27
101
2 3
5 5
8 11
8 8
10 10
15 18
102
1 46
1 6
1 4
1 2
4 4
8 8
10 30
10 25
10 11
13 24
13 16
18 24
19 21
19 19
21 21
27 29
27 27
29 29
34 42
34 34
36 40
36 36
38 40
42 42
44 46
44 44
46 46
48 48
103
2 4
2 2
4 4
10 10
12 13
15 15
19 19
22 22
104
1 35
1 1
5 9
5 7
9 9
13 34
13 14
15 15
17 17
19 34
19 22
25 34
25 25
28 28
33 33
105
4 7
4 4
6 6
11 11
13 21
13 14
16 21
16 17
19 20
106
1 4
1 2
4 4
6 21
6 17
6 7
9 11
14 15
21 21
107
4 4
108
3 3
5 5
109
1 87
1 2
4 87
4 6
7 7
11 11
14 83
14 16
20 20
22 24
23 23
26 26
31 34
33 33
36 42
36 36
38 42
40 40
48 53
48 51
48 48
50 50
55 59
55 55
57 59
61 62
64 69
64 66
68 68
71 71
73 73
76 79
89 106
89 95
97 102
97 98
100 102
104 105
110
3 4
111
1 4
1 3
6 8
10 14
10 10
12 14
20 20
22 25
27 34
27 27
32 33
38 38
45 45
47 50
54 55
58 58
62 62
66 66
112
1 3
7 8
9 10
13 15
113
1 2
6 6
11 13
11 12
16 16
21 23
21 22
114
1 8
1 2
4 5
115
2 12
2 8
2 3
5 7
10 11
116
2 3
4 4
6 10
6 8
10 10
117
1 1
3 8
3 3
5 8
118
3 3
8 10
9 9
12 12
13 22
13 20
13 17
14 14
19 19
22 22
119
2 8
2 5
2 2
4 4
7 8
120
3 3
5 6
8 14
8 8
11 12
14 14
121
2 3
5 5
8 8
14 21
14 18
17 17
20 21
122
5 5
7 13
7 8
10 13
10 10
12 12
123
3 3
6 8
7 7
10 10
12 16
18 19
22 22
124
2 4
5 5
7 7
9 9
12 13
15 21
15 16
18 21
18 20
21 21
125
2 4
7 13
8 12
10 10
15 29
15 17
24 29
24 24
126
2 7
2 5
7 7
9 10
14 19
17 17
127
3 11
3 4
6 6
8 8
10 10
13 13
17 25
17 18
21 25
21 23
25 25
27 32
30 31
34 34
128
2 3
5 5
10 17
10 11
14 17
14 15
19 20
129
3 3
6 6
8 8
11 11
130
1 3
1 1
3 3
6 8
12 26
12 12
17 20
17 17
19 19
26 26
131
1 5
1 2
4 5
7 44
7 8
11 14
11 11
13 13
19 25
19 20
22 25
29 30
33 33
35 36
38 40
132
2 11
2 2
3 3
8 10
13 14
133
2 3
5 8
5 6
8 8
15 17
134
1 5
1 2
4 5
8 42
8 10
13 14
18 22
18 19
21 21
26 28
31 32
38 42
40 40
135
1 1
4 4
7 12
7 8
10 12
15 15
17 27
17 19
23 27
23 23
24 24
136
2 2
4 5
7 39
7 8
12 12
14 14
17 19
21 23
28 28
30 30
33 36
38 39
137
1 8
1 2
4 5
138
2 2
4 6
8 48
8 8
11 19
11 12
17 17
21 23
25 25
30 30
34 48
34 35
37 41
44 45
139
2 3
5 11
5 5
8 11
140
1 6
1 4
6 6
10 18
10 10
12 16
18 18
141
1 3
1 1
3 3
5 5
7 8
11 17
11 12
14 14
17 17
142
4 7
4 4
6 7
11 12
143
2 2
6 6
8 8
10 12
144
1 9
1 1
3 9
3 5
6 9
145
2 2
6 6
8 8
10 15
146
2 3
4 4
6 16
6 14
6 7
9 10
12 12
18 21
19 19
147
1 15
1 5
7 7
9 13
9 11
13 13
148
1 3
1 1
3 3
5 5
7 8
11 13
15 15
149
2 6
2 3
5 5
8 9
14 14
150
1 8
1 3
11 11
13 17
13 13
15 17
151
1 1
5 8
152
1 3
153
3 5
154
2 2
4 10
4 6
10 10
155
2 4
7 12
7 9
7 7
9 9
12 12
156
2 4
7 7
9 9
157
3 3
5 8
5 7
158
1 2
4 5
9 12
14 14
18 18
21 21
23 23
26 29
159
1 8
1 2
4 5
160
1 7
1 4
6 6
12 13
161
1 8
1 2
4 5
162
2 26
2 21
2 2
4 20
4 7
4 4
9 13
9 10
12 12
15 20
15 18
15 15
17 17
23 25
23 23
25 25
163
5 20
5 9
5 6
8 8
11 20
11 12
14 14
17 19
17 17
19 19
164
2 3
5 5
7 9
7 7
9 9
11 11
13 15
13 13
15 15
165
1 2
5 11
5 6
8 10
8 8
10 10
13 18
13 13
15 18
15 15
17 17
166
1 4
1 2
4 4
8 9
14 14
16 21
16 17
19 21
23 24
30 33
167
4 5
7 14
7 9
11 11
14 14
168
2 2
169
4 16
4 5
7 13
7 9
11 12
15 15
20 21
24 29
27 27
170
2 2
4 6
171
1 1
3 3
5 7
9 9
12 12
172
1 1
5 6
9 10
173
1 3
174
3 5
175
2 2
4 10
4 6
10 10
176
2 6
2 4
6 6
8 11
8 8
11 11
177
2 6
2 4
6 6
8 8
178
3 3
5 8
5 7
179
3 4
7 8
12 16
18 18
22 22
25 25
27 27
30 33
180
1 2
7 9
7 7
9 9
11 11
181
3 6
8 8
10 11
14 21
14 18
16 16
20 21
182
1 3
5 23
5 8
11 23
11 13
16 23
16 17
19 23
21 21
183
1 6
1 2
4 6
4 4
6 6
12 12
14 17
14 15
17 17
20 20
22 23
25 25
184
1 2
8 9
12 16
18 18
21 36
21 28
21 22
24 28
26 26
31 36
31 32
34 36
185
1 12
1 1
3 12
3 7
3 5
3 3
5 5
9 12
9 9
10 12
15 18
15 15
17 17
21 23
186
1 2
7 8
13 17
13 14
16 17
19 19
22 32
22 26
24 24
28 32
187
5 5
7 8
188
3 3
6 45
6 6
10 10
13 13
17 19
24 25
27 32
27 27
29 32
29 29
32 32
36 45
36 36
39 45
39 40
41 41
44 45
189
3 3
5 26
5 5
9 14
9 10
12 14
22 23
25 26
190
2 3
5 5
7 9
191
2 2
192
4 16
4 5
7 13
7 9
11 12
15 15
20 21
24 26
193
2 2
4 6
194
2 4
7 7
9 9
11 40
11 12
14 14
17 40
17 17
18 26
18 21
23 23
25 25
33 33
35 40
35 38
40 40
42 42
44 44
48 48
195
4 8
10 10
13 13
15 15
18 18
20 20
23 24
27 27
196
1 2
5 14
5 6
8 14
8 8
10 14
10 11
13 14
13 13
20 27
20 21
23 27
23 23
25 27
197
1 1
8 8
12 18
12 14
12 13
16 18
16 16
18 18
198
2 12
2 6
2 4
2 2
4 4
8 12
8 10
11 12
15 17
23 27
25 25
199
1 3
6 6
8 9
12 15
12 12
14 14
18 19
21 29
21 21
23 29
23 24
200
3 11
5 10
5 7
9 9
15 15
19 21
201
2 2
4 4
6 10
8 8
12 13
16 18
202
2 2
4 6
10 10
203
3 4
12 13
204
1 1
5 5
8 8
12 12
16 25
16 18
23 25
205
3 5
7 7
9 11
14 14
16 20
18 18
206
1 1
207
2 3
208
1 1
3 4
6 11
7 8
10 11
13 14
209
1 1
210
1 2
211
2 3
6 7
9 9
212
1 1
4 32
9 11
17 19
23 24
28 32
213
1 3
214
3 7
3 4
6 6
9 9
11 42
11 28
11 12
14 28
14 16
18 28
18 23
18 18
20 20
22 22
24 28
24 24
26 26
31 33
36 40
36 36
38 40
42 42
215
2 2
4 5
7 10
7 7
9 9
14 27
14 23
14 21
14 16
18 18
20 20
25 27
216
1 1
2 16
2 5
6 6
8 10
12 16
12 12
14 16
18 21
18 18
20 21
217
1 1
3 37
3 22
3 5
7 22
7 8
10 22
10 13
15 21
15 15
17 17
20 21
25 37
25 25
30 37
30 33
35 36
218
1 1
4 28
4 8
4 6
4 4
6 6
10 18
10 10
12 18
12 12
14 17
14 14
16 17
20 28
20 21
23 28
23 24
26 28
219
1 1
4 9
4 6
8 9
11 15
11 13
15 15
220
1 2
6 16
6 8
10 16
10 11
13 16
18 19
22 23
25 27
25 25
27 27
29 31
221
1 20
1 2
4 19
4 5
7 10
13 17
15 15
222
1 38
1 2
6 14
16 19
16 17
19 19
21 21
24 26
30 32
35 37
223
2 19
2 6
4 4
12 19
12 16
18 19
22 24
22 22
24 24
27 28
31 32
35 37
224
1 3
7 7
9 14
9 11
13 13
225
1 3
5 9
5 6
8 9
226
1 3
6 14
6 8
10 14
12 12
16 17
19 19
21 29
21 22
27 29
227
5 12
5 8
10 12
14 14
17 20
17 19
22 26
23 23
25 25
28 32
28 28
30 32
37 38
228
1 10
1 1
3 10
3 7
3 5
9 10
12 12
14 16
229
2 2
230
2 2
4 35
4 30
4 26
4 21
4 6
8 20
8 12
8 8
10 10
12 12
14 20
14 19
15 16
20 20
23 25
28 29
32 34
37 42
37 38
40 42
47 47
49 56
59 63
65 66
231
2 10
2 8
2 3
5 7
5 5
7 7
10 10
12 17
19 32
19 25
19 20
22 22
24 24
27 32
28 28
30 30
35 43
35 39
41 42
232
2 5
2 3
5 5
9 15
9 10
12 15
17 19
22 23
27 33
27 28
30 33
233
2 2
4 9
4 5
8 9
11 12
18 20
234
3 3
6 9
235
2 2
4 9
4 5
7 8
11 11
14 26
14 14
16 26
16 17
19 26
19 20
22 26
22 22
24 26
29 30
236
2 3
5 5
11 13
16 27
16 17
19 27
19 24
26 27
31 33
237
1 1
3 15
3 3
5 15
5 7
9 15
9 10
13 15
238
1 1
5 10
5 6
8 10
13 16
239
1 10
1 4
2 2
6 10
6 8
13 17
19 23
240
2 2
8 19
8 9
15 19
15 16
18 19
22 22
27 30
27 29
241
1 4
1 2
4 4
6 10
6 7
9 9
14 14
18 19
23 24
29 32
29 29
31 32
35 36
38 40
44 45
242
1 3
7 11
7 8
10 11
243
3 3
6 11
9 9
14 18
21 26
21 21
23 25
244
1 2
4 14
4 5
7 14
7 7
10 14
12 12
245
10 12
10 11
16 20
246
1 2
247
3 13
3 4
9 12
248
4 5
7 16
7 8
10 16
10 12
14 15
18 24
18 22
20 20
26 36
26 28
30 36
30 30
32 35
32 32
34 35
39 45
39 40
42 45
42 42
44 45
49 54
49 51
53 54
249
6 6
8 8
10 12
10 11
14 18
14 15
17 18
250
3 4
8 10
8 8
10 10
251
1 1
7 19
7 7
9 11
14 15
18 19
252
1 7
1 1
3 7
5 5
9 9
12 14
16 19
16 16
19 19
253
3 4
9 10
254
1 2
255
1 1
3 5
3 3
5 5
256
1 7
1 3
4 7
12 13
257
1 5
1 2
4 5
8 11
8 8
10 11
14 30
14 20
14 14
16 16
18 18
23 29
23 23
32 44
32 38
32 32
34 34
36 36
42 42
258
1 3
6 8
11 12
259
1 2
5 7
5 5
7 7
9 10
260
5 5
7 7
9 11
13 13
16 16
21 21
23 25
261
3 4
11 25
11 13
15 25
15 16
19 20
23 25
262
1 1
4 5
263
4 4
6 9
264
4 6
10 14
10 10
12 13
18 30
19 21
19 20
24 30
24 25
28 29
265
6 7
11 13
15 15
17 19
21 25
21 23
25 25
266
1 17
1 2
5 7
9 17
9 11
13 17
13 14
16 17
24 28
24 25
27 28
36 41
36 37
39 41
267
1 2
10 21
10 12
14 20
14 14
16 16
19 20
268
1 2
6 15
6 8
10 15
17 17
23 23
26 26
32 32
37 37
269
1 2
7 25
7 10
13 25
13 19
13 16
18 18
21 24
21 21
23 24
270
1 1
3 8
3 4
6 8
12 13
15 16
20 20
271
4 4
6 7
9 14
9 11
13 14
17 24
17 18
20 24
20 21
23 24
272
3 8
3 5
7 7
10 32
10 12
14 32
14 16
20 32
20 24
20 21
23 24
28 32
28 29
31 32
273
1 2
6 20
6 11
6 6
9 11
13 20
13 15
17 20
274
5 10
5 7
9 9
12 14
17 38
17 18
26 38
26 32
26 27
30 32
34 38
34 36
38 38
275
1 8
1 2
4 5
8 8
11 13
276
1 2
4 45
4 6
10 11
15 45
15 15
19 20
24 25
30 31
36 37
43 45
277
1 2
6 12
278
1 2
7 27
7 8
10 17
10 15
10 12
21 26
21 22
25 26
279
1 1
5 9
5 7
9 9
280
2 10
2 4
6 10
6 7
9 10
12 16
12 13
15 16
281
1 3
5 23
5 5
7 23
7 9
11 22
11 14
16 22
282
1 2
4 7
4 5
7 7
9 10
13 18
13 15
17 17
20 20
22 25
22 23
25 25
283
1 6
1 3
5 5
8 12
8 9
11 11
14 15
17 18
20 20
23 24
27 31
27 28
30 31
284
1 1
4 23
4 6
8 23
8 9
11 13
16 17
21 21
23 23
285
3 5
7 17
7 7
10 17
10 10
13 13
15 17
286
1 6
8 8
12 15
12 13
15 15
20 25
27 28
287
2 2
4 25
4 20
4 10
4 8
4 6
8 8
12 20
12 14
16 20
22 25
22 24
288
1 1
3 10
3 8
10 10
11 12
15 22
15 15
18 22
20 20
289
4 4
7 10
12 18
12 13
15 18
15 16
18 18
22 24
27 29
32 32
36 37
39 40
290
3 3
7 20
7 8
10 11
13 20
13 14
16 20
291
2 12
2 3
5 12
5 6
8 12
10 10
14 20
14 16
18 20
18 18
20 20
22 22
25 32
25 27
29 32
29 29
31 32
292
3 21
3 5
7 21
7 7
10 11
13 21
13 15
17 21
19 19
23 31
28 31
293
4 11
4 6
4 4
6 6
8 10
18 22
18 19
22 22
25 25
27 28
30 42
30 37
30 31
33 33
37 37
39 41
39 39
41 41
44 47
44 44
46 46
48 48
294
4 4
295
2 8
2 4
2 2
4 4
6 8
11 14
11 11
13 13
16 43
16 17
19 43
20 25
27 41
27 35
27 28
30 35
37 41
37 39
40 41
43 43
296
4 4
9 9
297
2 2
7 12
7 7
9 11
16 16
21 24
21 21
23 23
25 25
30 30
298
2 3
5 5
8 15
8 8
11 11
13 14
17 17
19 20
22 32
22 29
22 27
22 23
25 27
31 32
299
1 4
6 18
6 11
6 9
6 7
9 9
13 18
13 13
15 18
22 22
28 34
28 30
32 34
300
1 2
8 10
12 14
12 12
14 14
16 16
21 22
24 27
301
3 18
3 5
7 18
7 11
9 9
13 18
13 13
15 18
20 20
24 25
27 27
302
4 18
4 5
7 17
7 9
11 11
13 13
24 26
303
2 2
5 6
8 8
11 75
11 15
11 12
14 15
17 64
17 19
22 22
27 29
27 27
29 29
31 32
37 41
37 38
40 41
43 54
43 47
43 44
46 46
49 50
53 54
56 56
59 61
63 64
67 75
67 69
72 75
304
1 18
1 1
2 3
7 11
7 9
11 11
13 15
17 17
21 24
21 22
24 24
27 29
27 27
28 29
305
1 8
1 2
4 4
6 8
10 18
10 10
12 12
15 18
306
1 4
1 1
3 3
307
2 9
2 3
5 9
11 11
308
1 4
1 1
3 3
309
3 4
310
1 5
1 1
3 4
311
1 4
312
1 10
1 1
3 3
6 9
6 6
8 9
313
1 1
3 8
3 4
6 8
314
2 4
6 9
6 6
8 8
315
1 8
1 1
3 4
6 8
10 19
10 10
12 13
16 19
316
2 3
317
2 24
2 4
2 2
4 4
6 8
6 6
8 8
10 13
10 11
13 13
16 24
16 22
24 24
26 26
29 29
31 34
31 32
34 34
318
1 3
319
1 1
320
1 7
1 1
3 3
5 7
9 19
9 9
11 12
15 19
321
1 1
3 4
322
2 7
9 24
9 9
11 11
13 21
13 13
15 21
15 18
20 21
23 23
323
1 3
324
1 6
8 9
325
2 3
326
2 13
2 10
12 13
16 16
327
1 11
1 1
3 10
3 4
6 10
6 7
9 10
328
329
1 8
1 2
4 4
6 8
10 18
10 10
12 12
15 18
330
1 12
1 8
1 2
4 8
4 5
7 8
10 11
331
2 2
3 3
5 8
5 6
8 8
10 15
332
1 4
333
1 12
1 8
10 11
334
1 2
335
2 7
9 19
9 13
15 18
15 16
18 18
336
337
1 22
1 3
5 21
5 7
5 5
7 7
9 11
9 9
11 11
13 15
13 13
15 15
18 21
338
1 9
1 1
3 3
6 8
6 6
7 8
339
2 7
9 19
9 13
15 18
15 16
18 18
340
341
1 13
1 3
5 7
5 5
7 7
10 13
342
1 6
1 3
5 5
343
2 9
2 5
2 2
4 5
8 9
11 11
344
1 4
1 1
3 3
345
1 13
1 3
5 7
5 5
7 7
10 13
346
1 2
7 9
347
1 2
348
349
1 4
1 1
3 3
350
1 13
1 3
5 7
5 5
7 7
10 13
351
1 4
352
2 3
5 10
5 5
7 10
13 14
353
1 13
1 3
5 7
5 5
7 7
10 13
354
1 9
1 5
7 7
355
356
357
1 13
1 3
5 7
5 5
7 7
10 13
358
1 7
1 1
3 5
359
2 19
2 2
4 19
4 10
4 7
9 10
12 19
12 13
15 19
15 16
18 19
21 21
360
1 10
1 1
3 3
6 9
6 6
8 9
361
4 5
7 7
362
2 7
2 2
4 7
4 4
6 7
9 23
9 10
12 14
16 23
16 16
18 23
363
1 4
1 1
3 3
364
1 13
1 3
5 7
5 5
7 7
10 13
365
2 6
2 3
5 6
8 9
366
2 2
4 4
7 16
7 12
7 9
11 11
14 16
14 14
16 16
367
1 1
3 13
3 3
5 7
5 5
7 7
10 13
368
1 15
1 5
3 3
7 14
7 8
10 14
10 11
13 14
369
3 16
3 3
5 16
5 6
8 16
8 10
12 16
12 13
15 15
370
4 5
371
1 10
1 1
3 3
6 9
6 6
8 9
372
2 2
4 5
373
2 16
2 2
4 8
10 16
10 11
13 16
374
1 19
1 3
5 18
5 7
5 5
7 7
9 11
9 9
11 11
14 18
375
1 4
1 2
4 4
376
2 7
2 2
4 7
4 4
6 7
9 16
9 10
12 16
12 14
16 16
377
1 4
1 1
3 3
378
1 19
1 3
5 18
5 7
5 5
7 7
9 11
9 9
11 11
14 18
379
1 10
1 2
4 9
4 6
8 9
380
2 7
2 2
4 7
4 4
6 7
9 18
9 10
12 14
16 16
18 18
381
1 5
1 1
3 4
382
1 12
1 3
6 11
6 7
9 11
383
2 9
2 3
5 9
5 6
8 9
11 18
11 12
14 17
384
1 11
1 7
9 10
385
1 7
1 2
4 7
386
2 2
4 31
4 5
7 27
7 9
7 7
9 9
11 14
11 12
14 14
17 27
17 17
19 20
22 22
24 27
29 31
387
1 2
388
1 1
389
1 12
1 1
3 11
3 4
7 11
390
1 9
1 1
3 8
3 5
7 8
391
1 4
1 2
4 4
7 7
9 10
392
1 10
1 1
3 3
6 9
6 6
8 9
393
1 6
1 2
5 5
394
2 7
2 2
4 7
4 4
6 7
9 16
9 10
12 16
12 14
16 16
395
1 4
1 1
3 3
396
1 14
1 3
5 8
5 5
7 8
11 14
397
1 6
1 1
3 5
398
1 8
1 1
2 7
2 2
4 4
6 7
399
1 3
400
1 2
401
1 11
1 1
3 10
3 6
8 10
402
1 1
403
1 2
404
1 7
1 3
5 5
405
406
407
1 11
1 1
3 4
7 10
7 7
9 10
408
1 7
1 1
3 6
409
2 17
2 2
4 12
4 6
8 12
8 9
11 12
16 16
410
1 1
3 14
3 4
6 8
6 6
8 8
11 14
411
1 7
1 3
5 6
412
2 3
5 18
5 10
5 8
10 10
12 18
12 12
14 18
14 15
17 18
413
3 15
3 5
7 9
7 7
9 9
12 15
414
1 6
1 2
4 5
415
2 24
2 4
2 2
4 4
6 8
6 6
8 8
10 13
10 11
13 13
16 24
16 22
24 24
26 26
29 29
31 34
31 32
34 34
416
1 3
417
1 1
418
1 6
1 1
3 5
419
2 9
2 3
5 9
5 5
7 9
11 11
13 13
420
1 4
421
1 23
1 5
1 2
4 5
7 22
7 7
9 22
9 13
15 16
18 20
22 22
422
1 7
1 2
4 6
4 4
6 6
9 9
423
1 10
1 1
3 3
6 9
6 6
8 9
424
1 14
1 1
2 8
2 4
6 8
10 13
425
2 7
2 2
4 7
4 4
6 7
9 21
9 10
12 14
16 19
21 21
426
1 43
1 2
5 43
5 9
11 43
11 13
15 43
15 22
24 43
24 26
28 43
28 33
35 43
35 37
39 43
46 47
49 57
49 53
50 50
55 57
61 65
61 62
64 65
67 69
71 73
71 71
73 73
76 78
80 83
80 80
82 83
85 91
85 86
89 91
427
1 1
3 5
8 10
12 18
12 14
16 18
22 22
24 26
28 32
28 29
31 31
35 37
40 49
40 41
43 49
43 45
47 49
53 54
57 58
428
3 3
5 31
5 6
8 31
8 11
14 20
24 24
26 31
26 27
29 31
429
3 3
5 20
5 8
11 14
11 12
14 14
18 20
430
1 7
1 4
5 7
8 9
10 15
10 13
14 15
17 19
431
1 2
5 8
5 6
7 8
13 15
17 19
432
2 5
7 8
12 62
12 25
12 17
20 20
23 25
28 62
30 32
34 62
34 35
38 44
38 40
42 44
48 48
51 57
51 53
55 57
60 61
433
1 3
5 68
5 6
11 12
17 40
17 18
20 21
23 25
27 29
33 39
33 34
36 39
44 46
50 53
55 56
59 68
59 61
63 64
67 68
434
1 1
3 44
3 4
6 44
6 24
6 6
8 10
13 14
16 18
20 23
26 44
26 27
30 31
33 35
37 38
40 43
435
1 1
3 5
8 10
12 14
18 18
20 22
25 27
30 39
30 31
33 39
33 35
37 39
43 44
47 48
436
3 3
5 31
5 6
8 31
8 11
14 20
24 24
26 31
26 27
29 31
437
3 3
5 20
5 8
11 14
11 12
14 14
18 20
438
1 7
1 4
6 6
9 34
9 10
13 14
16 34
16 18
20 34
20 20
22 34
22 25
27 34
27 30
32 34
439
1 2
5 42
5 13
5 7
9 12
9 9
11 12
15 22
15 16
18 21
18 18
20 21
24 30
24 26
28 29
32 42
32 33
35 41
35 35
37 37
40 41
45 45
440
1 1
4 4
6 6
8 10
441
3 3
8 10
13 13
16 17
442
1 3
8 10
14 27
14 15
21 27
443
1 1
4 6
8 31
8 12
8 9
11 11
15 16
18 21
18 18
20 21
25 25
27 31
27 28
29 31
444
1 8
1 4
7 8
10 13
10 10
12 13
21 23
31 39
31 33
35 35
37 39
445
1 15
1 3
5 14
5 5
7 14
7 8
10 14
10 11
13 13
446
1 2
447
1 3
5 22
5 15
5 7
14 15
20 22
23 34
23 25
27 28
30 31
33 33
448
1 3
13 56
13 14
16 56
16 19
16 16
18 19
21 24
21 21
23 24
26 29
28 29
31 36
31 33
34 36
38 41
40 41
43 46
43 43
45 46
48 51
48 48
50 51
53 56
55 56
449
1 3
6 8
450
3 9
3 5
7 9
12 18
451
1 8
1 5
7 7
10 14
452
1 3
8 8
10 10
15 28
15 17
19 28
19 21
23 28
23 24
26 28
32 36
32 33
35 36
38 44
38 39
41 44
41 42
44 44
46 51
46 47
49 51
55 60
55 56
58 60
62 84
62 63
65 84
65 66
68 84
68 70
72 83
72 72
74 74
77 83
77 78
80 83
80 80
82 83
453
1 34
1 5
9 34
9 22
9 16
9 13
15 15
18 21
18 18
20 21
24 34
24 30
24 27
29 29
32 33
37 40
42 42
454
2 3
5 10
5 7
9 10
14 29
14 17
19 29
19 20
23 29
23 23
25 28
25 25
27 28
455
1 1
456
3 3
7 7
9 13
9 10
12 13
17 17
21 22
26 34
26 28
30 34
30 31
33 34
37 37
457
1 5
10 10
458
1 5
8 8
459
2 2
4 6
11 18
11 12
14 17
14 14
16 17
460
2 2
4 10
4 8
10 10
12 31
12 12
15 21
15 15
17 20
17 17
19 20
23 23
25 28
25 26
28 28
30 30
461
1 6
1 2
4 6
12 22
12 14
18 20
18 18
20 20
462
2 2
4 17
4 11
4 8
10 10
13 16
13 13
15 16
20 22
20 20
22 22
26 42
26 28
30 42
30 31
36 41
36 37
39 41
39 39
41 41
51 54
463
1 13
1 2
4 13
4 4
6 13
6 7
9 12
9 9
11 12
16 20
16 16
18 20
18 18
20 20
24 29
26 27
31 40
31 32
34 40
34 34
37 39
43 48
43 45
47 48
57 57
464
1 1
3 25
3 20
5 18
5 8
10 15
17 18
22 22
24 24
465
1 5
1 2
4 5
9 11
13 16
13 13
14 16
17 17
18 27
18 23
18 21
23 23
25 27
29 29
32 33
35 37
36 36
39 39
41 53
41 46
41 43
45 45
48 53
48 48
50 52
59 60
65 67
72 73
76 77
82 84
86 98
86 90
86 87
89 89
92 98
92 93
95 97
102 104
103 103
106 106
466
1 3
6 10
6 7
9 10
467
1 30
1 2
4 29
4 5
6 25
6 9
10 13
10 10
12 13
15 21
15 16
18 21
24 25
27 29
468
1 1
3 14
3 4
7 7
11 13
16 16
19 28
19 24
19 20
22 23
26 28
469
1 2
4 7
10 10
12 20
12 12
14 20
14 16
18 20
470
2 4
6 8
10 11
13 28
13 13
15 20
24 24
27 28
471
1 1
472
2 3
5 9
5 5
7 9
16 16
18 18
20 21
24 25
29 32
35 35
38 38
41 53
41 44
48 52
48 49
51 52
473
1 1
3 3
5 7
9 9
12 13
14 14
21 28
21 23
25 28
25 25
27 27
30 39
30 34
36 38
41 42
44 44
46 48
52 55
58 58
474
1 5
1 2
4 5
475
1 1
2 2
5 18
5 15
5 14
5 9
5 7
9 9
12 14
15 15
17 17
476
1 23
1 18
1 7
1 4
9 16
9 11
13 16
13 13
15 15
18 18
20 22
26 27
29 36
29 31
33 36
39 39
42 48
42 43
45 47
477
1 5
1 2
4 5
7 7
9 14
9 11
13 14
16 17
19 20
25 36
25 30
32 35
32 32
34 35
478
1 1
4 6
9 26
9 13
15 22
15 16
18 18
21 21
24 26
28 34
28 29
31 31
33 33
479
1 1
480
2 3
5 10
5 6
8 10
12 13
16 17
21 28
21 24
26 27
481
1 14
1 10
1 2
3 3
6 8
10 10
12 13
12 12
13 13
482
1 4
1 2
3 4
8 17
8 9
11 17
11 13
15 17
19 41
19 21
25 41
25 29
31 32
34 35
38 41
483
1 3
5 24
5 7
9 14
9 11
13 14
16 16
18 20
23 24
484
1 2
4 5
485
1 4
6 12
6 10
6 7
9 10
12 12
486
1 22
1 19
1 16
1 1
3 3
5 16
5 5
7 16
7 9
11 16
11 11
12 16
18 18
21 22
29 31
33 53
33 36
41 50
41 42
44 50
44 45
47 50
52 53
487
1 1
488
1 10
1 1
3 3
5 9
5 5
9 9
12 16
13 15
18 18
22 24
31 32
34 36
38 39
41 43
49 51
53 58
53 54
55 58
55 55
60 68
60 61
63 68
63 64
66 68
69 69
70 72
70 70
71 72
74 74
75 77
81 96
81 85
87 87
89 89
96 96
100 100
103 105
103 103
105 105
489
1 1
4 8
4 5
490
1 2
8 18
8 9
11 18
11 13
15 18
491
1 2
4 25
4 7
9 12
17 20
22 25
27 30
35 38
40 43
492
1 2
9 10
493
1 17
1 3
5 17
19 28
29 32
494
3 47
3 4
5 45
5 15
17 45
17 42
17 29
17 25
26 29
32 42
32 35
38 40
39 39
42 42
44 44
47 47
49 50
495
1 5
1 2
4 5
13 15
17 18
20 21
26 41
26 28
30 41
30 33
36 40
496
1 2
7 8
12 36
12 13
15 36
15 17
23 25
27 30
33 35
497
1 2
11 13
15 16
19 23
498
1 2
4 4
6 34
6 7
9 34
9 12
14 34
14 16
20 34
20 21
24 25
27 34
27 30
32 34
499
1 3
5 5
7 12
7 9
11 11
16 19
16 17
19 19
26 28
30 31
36 37
42 49
42 45
47 49
53 56
60 70
60 62
65 70
65 67
69 70
71 71
500
1 1
7 8
10 11
13 15
17 17
19 22
501
1 2
5 6
13 13
17 19
22 24
26 26
28 30
35 35
40 43
48 48
50 54
50 51
53 54
56 58
502
1 7
5 5
9 10
503
3 3
10 12
504
3 4
9 22
9 11
13 22
13 15
18 20
18 18
20 20
22 22
505
1 5
1 2
4 5
8 14
8 10
12 14
17 19
21 22
27 28
33 40
33 36
38 40
43 45
46 72
48 53
48 50
52 53
54 54
57 57
59 72
59 60
62 72
62 63
65 72
65 68
70 72
70 71
506
1 2
4 4
8 17
8 9
11 17
11 14
16 17
21 31
21 22
24 31
24 26
28 31
507
1 6
1 3
5 5
8 9
12 16
12 14
16 16
19 19
21 42
21 22
24 42
24 25
29 42
29 30
32 42
32 35
37 41
37 38
40 41
508
1 6
1 3
5 6
9 11
13 19
13 14
16 19
16 18
19 19
509
2 2
6 11
6 8
10 11
13 13
15 21
15 18
15 15
17 17
20 21
27 36
27 28
31 36
31 33
35 36
40 52
40 42
43 45
43 43
45 45
47 47
51 51
56 57
510
1 4
6 8
10 27
10 12
14 27
14 15
18 18
21 27
21 23
27 27
511
1 36
1 3
1 1
3 3
5 35
5 14
5 9
7 7
11 13
15 17
19 35
19 21
22 22
24 24
26 27
30 30
32 35
512
1 1
513
1 18
1 1
3 18
3 3
5 5
7 15
7 7
9 15
9 11
13 15
13 13
15 15
17 18
20 29
20 24
26 28
31 42
31 37
33 35
39 41
44 45
47 59
47 49
50 50
52 52
54 55
56 56
58 59
62 63
66 69
71 72
77 78
79 81
79 79
81 81
85 88
514
1 6
1 2
4 6
9 10
12 13
15 22
15 17
20 22
515
1 2
5 7
9 20
9 11
13 20
13 15
18 20
516
1 1
4 37
4 12
4 6
8 12
14 14
16 16
19 19
22 23
29 37
29 31
34 36
517
1 2
4 8
4 6
8 8
518
1 1
10 23
10 12
14 14
18 23
18 20
519
1 7
1 3
5 7
9 13
9 10
12 13
520
1 1
6 24
6 15
6 7
9 14
17 23
17 17
19 19
22 23
30 45
30 31
33 45
33 34
36 38
41 41
49 59
49 50
52 59
52 52
54 59
54 56
58 59
521
1 1
7 9
11 16
11 12
14 16
19 20
22 25
26 35
26 26
29 29
30 34
30 31
33 34
40 42
44 53
44 50
48 48
52 52
55 57
58 69
58 67
58 58
61 61
62 66
62 63
65 66
69 69
522
2 4
6 16
6 7
9 16
9 9
11 16
11 13
15 16
18 18
21 25
21 22
25 25
523
1 2
6 7
14 14
18 20
23 25
27 27
29 31
36 36
41 44
48 51
48 49
51 51
53 57
53 54
56 57
59 62
63 63
66 76
66 67
69 76
69 70
72 76
72 73
75 76
78 80
81 87
81 81
83 87
83 83
85 87
85 85
86 87
524
1 2
4 15
4 7
9 15
9 11
13 15
17 18
20 22
24 56
24 40
42 56
525
1 12
1 8
1 5
3 3
7 7
11 11
16 31
16 28
18 18
22 22
26 26
30 30
35 169
35 111
35 106
38 38
43 43
48 48
53 53
58 58
63 63
68 68
73 73
78 78
83 83
88 88
93 93
98 98
103 103
108 108
110 111
113 169
113 115
118 120
122 169
122 124
126 169
126 131
126 128
130 131
133 169
133 136
137 169
137 153
155 169
526
1 5
1 2
4 4
7 16
7 11
13 15
18 32
18 23
18 18
20 22
27 32
27 28
30 32
527
1 48
1 1
5 5
7 7
9 28
9 20
9 16
18 19
23 28
23 24
26 28
31 39
31 35
37 38
42 45
47 47
52 54
528
3 4
7 9
12 13
15 29
15 16
17 17
19 29
19 19
23 29
23 24
26 29
529
1 58
1 35
1 32
4 4
9 9
14 14
19 19
24 24
29 29
34 34
36 40
36 37
39 40
42 58
42 44
46 48
53 53
58 58
60 60
530
1 1
3 31
3 5
8 14
8 9
11 14
11 11
13 13
18 19
23 26
23 24
26 26
29 31
531
1 1
3 21
3 6
11 21
11 15
11 12
14 14
17 20
17 17
19 20
532
1 3
5 5
7 24
7 9
12 24
12 12
14 24
14 17
19 20
23 23
533
1 3
5 18
5 5
7 8
11 12
16 18
534
1 7
1 3
5 7
9 34
9 10
12 21
12 13
15 21
16 18
24 25
28 29
31 34
535
3 13
3 6
8 9
11 13
15 22
15 16
18 22
18 19
21 22
536
1 1
7 18
7 9
11 18
11 12
14 18
14 15
17 18
537
1 1
4 4
6 32
6 7
9 32
9 10
12 32
12 14
20 22
26 32
26 28
30 32
538
1 111
1 71
1 68
1 9
1 6
8 8
11 12
14 68
14 16
17 22
17 17
19 22
24 28
24 24
26 28
26 26
28 28
30 54
30 32
34 36
34 34
36 36
39 43
39 39
41 43
41 41
43 43
45 49
45 45
47 49
51 53
51 51
53 53
57 57
61 61
63 68
70 70
72 103
72 98
75 75
80 80
85 85
90 90
95 95
100 100
102 103
105 110
105 107
109 110
539
4 6
540
1 2
4 35
4 7
12 13
18 20
18 19
20 20
22 22
25 29
25 26
28 29
31 35
31 32
34 35
41 44
541
1 21
1 1
3 21
3 5
6 9
14 14
16 21
16 18
20 21
24 24
27 80
27 45
27 30
34 36
38 39
42 45
47 79
47 49
51 79
51 54
56 79
56 57
63 66
68 69
74 79
74 75
77 79
542
1 4
6 18
6 8
11 14
16 18
543
1 1
4 11
4 6
8 11
8 9
11 11
544
4 7
12 29
12 16
18 18
21 27
21 22
27 27
29 29
545
5 6
9 9
10 17
10 14
16 16
20 24
20 21
23 24
28 28
30 30
31 32
35 39
36 38
41 41
47 55
47 48
50 55
50 51
53 54
546
3 3
6 6
8 10
14 15
547
3 5
8 8
13 31
13 15
17 18
21 31
21 22
23 26
23 23
25 26
29 31
548
3 5
3 3
5 5
7 7
549
3 19
3 11
3 8
5 6
10 10
14 19
14 15
17 19
22 29
22 26
28 28
32 35
38 38
41 41
44 46
550
3 4
7 31
7 9
11 31
11 12
14 15
17 31
17 18
19 19
21 31
21 21
25 31
25 26
28 31
551
3 3
6 6
8 10
14 15
552
3 7
3 5
7 7
12 14
17 17
19 19
20 22
24 35
24 24
26 35
26 28
26 26
27 28
30 35
30 32
33 35
37 41
40 41
553
3 5
3 3
5 5
7 7
554
5 12
5 5
6 12
6 6
7 12
7 7
10 10
14 23
14 18
14 15
17 17
20 22
20 20
22 22
26 26
28 40
28 37
28 28
30 30
35 35
39 39
42 42
46 47
48 48
50 50
52 54
55 56
58 60
58 58
60 60
69 72
69 69
71 72
75 75
78 78
80 82
83 89
83 83
85 89
99 100
107 108
109 117
109 109
111 117
111 112
114 114
117 117
555
1 3
5 10
5 7
9 10
12 45
12 30
12 12
15 17
21 30
21 25
27 29
27 27
29 29
32 45
32 44
32 38
32 33
35 35
37 37
41 43
556
1 9
1 4
6 9
12 16
12 13
15 15
18 19
23 26
557
1 1
7 8
10 17
19 25
19 20
22 25
30 30
34 36
558
1 8
1 2
4 7
4 5
7 7
559
1 8
1 2
4 7
4 6
7 7
11 14
11 11
13 14
17 17
19 26
19 19
21 21
23 23
25 25
28 72
28 34
28 29
32 33
35 42
35 37
39 40
44 55
44 46
48 53
48 48
51 52
55 55
57 60
61 64
68 72
68 69
71 72
560
1 10
1 3
5 5
7 7
9 9
12 27
12 17
12 14
16 17
19 27
19 24
19 21
23 23
26 27
561
1 1
3 11
3 4
6 11
6 8
10 11
13 13
18 18
562
2 3
8 12
8 9
11 12
563
1 1
3 5
7 82
7 7
9 82
9 11
16 76
16 21
16 16
18 21
18 18
20 21
25 37
25 26
30 32
30 30
32 32
34 36
34 34
36 36
43 76
43 69
43 48
43 43
45 47
45 45
47 47
50 69
50 63
50 56
50 50
52 52
54 55
59 63
66 68
72 74
72 72
74 74
76 76
79 81
564
1 10
1 2
4 10
4 5
7 9
7 7
9 9
13 14
565
1 10
1 6
8 8
566
1 3
6 8
6 6
8 8
11 12
14 14
567
2 4
6 13
6 6
8 8
10 10
12 12
15 15
17 26
17 18
20 26
20 21
23 25
23 23
25 25
29 64
29 32
29 29
31 31
34 64
34 35
37 64
37 47
37 40
42 45
42 43
45 45
49 60
49 49
51 51
53 58
53 56
58 58
62 62
64 64
66 73
66 68
70 72
70 70
72 72
76 76
79 114
79 83
85 113
85 85
86 113
86 93
86 87
86 86
87 87
90 93
95 101
95 96
95 95
96 96
99 101
103 113
103 109
103 104
105 109
112 113
116 147
116 132
116 116
118 121
118 118
120 120
124 124
126 126
128 132
129 129
134 147
134 144
134 135
136 144
147 147
149 149
152 153
157 157
159 159
161 165
161 163
165 165
167 169
167 167
169 169
568
1 7
1 1
3 6
3 4
6 6
569
1 15
1 1
3 14
3 4
7 11
7 9
11 11
14 14
570
1 35
1 33
1 28
1 6
1 1
4 5
9 16
9 9
11 11
13 13
15 15
18 24
18 19
22 23
27 28
31 31
35 35
38 38
571
1 13
1 10
1 1
3 10
3 5
8 9
12 12
572
1 7
1 1
3 6
3 3
4 6
573
1 21
1 2
4 21
4 7
4 4
6 6
9 21
9 10
11 21
11 15
19 19
23 27
29 43
29 31
33 43
33 33
39 43
39 41
43 43
574
2 3
5 5
8 9
575
1 4
6 10
6 8
10 10
576
1 36
1 3
5 5
7 26
7 8
10 10
12 14
12 12
14 14
19 22
19 20
22 22
25 26
27 27
33 35
577
1 5
3 3
7 39
7 23
7 7
10 15
10 12
14 15
20 21
25 39
25 34
25 30
25 27
29 29
33 33
36 39
41 42
44 51
44 49
46 46
48 49
51 51
578
1 1
579
1 6
1 3
5 6
7 39
7 7
10 11
13 14
16 17
23 39
23 26
28 39
28 30
34 36
35 35
38 39
41 41
580
2 3
6 8
11 13
15 32
15 17
19 24
31 32
34 50
34 37
34 35
36 37
40 41
46 50
51 52
581
3 5
7 30
7 8
10 11
13 14
19 23
19 20
22 23
28 30
31 31
36 38
36 37
38 38
582
2 3
5 5
7 8
10 14
10 10
12 12
14 14
17 53
17 23
17 18
20 23
25 53
25 33
25 26
28 32
28 28
30 30
32 32
35 43
35 36
38 43
49 53
49 50
52 53
583
3 5
7 45
7 8
10 11
13 14
19 23
19 20
22 23
26 28
29 45
29 31
29 29
30 31
33 45
33 34
36 45
36 39
41 45
46 46
51 53
51 52
53 53
584
2 3
5 5
7 8
15 16
19 25
19 20
22 25
27 40
27 35
27 28
30 34
30 30
32 32
34 34
37 40
37 38
40 40
42 42
44 44
46 54
46 49
51 51
53 53
585
1 5
10 12
10 10
12 12
19 124
19 33
21 22
24 33
24 25
29 33
29 30
32 33
35 124
35 36
39 40
42 124
42 118
42 113
42 43
45 45
47 47
50 113
50 60
50 53
50 51
53 53
54 54
56 57
59 60
64 82
64 66
68 82
68 70
72 82
72 73
78 78
79 79
81 82
85 113
87 88
90 113
90 90
92 113
92 93
95 113
95 95
98 106
98 98
100 106
100 101
103 106
103 104
106 106
108 108
110 112
115 117
115 115
117 117
120 124
120 121
123 124
586
1 3
6 7
587
1 5
1 2
4 5
9 12
9 10
12 12
16 16
18 21
23 59
23 28
30 59
30 31
33 59
33 34
40 59
40 44
46 59
46 48
50 59
50 52
54 59
54 55
57 59
63 67
63 65
67 67
588
1 6
1 3
5 6
11 22
11 14
16 22
16 19
21 22
27 39
27 28
30 39
30 32
34 39
34 36
38 39
42 44
49 52
54 58
54 56
58 58
61 63
65 78
65 67
69 69
73 78
73 76
78 78
589
1 3
7 28
7 8
10 21
10 12
14 21
14 14
16 21
16 17
19 21
23 23
28 28
590
2 4
7 10
13 14
591
1 5
1 2
4 5
9 12
9 10
12 12
16 16
18 21
23 30
23 27
29 30
592
1 2
7 18
7 10
12 18
12 15
17 18
24 29
24 25
27 29
31 36
31 33
35 36
593
1 3
7 19
7 8
10 19
10 12
14 19
14 15
17 19
594
1 3
7 7
12 22
12 18
12 13
15 17
15 15
17 17
20 20
22 22
24 24
26 37
26 27
29 37
29 30
32 32
34 36
34 34
36 36
39 41
39 39
41 41
595
1 1
4 4
7 7
9 10
15 15
17 20
17 18
20 20
23 28
23 25
27 28
30 42
30 32
34 42
34 37
34 36
39 41
39 39
41 41
44 47
49 59
49 52
49 49
51 51
54 59
54 56
58 59
596
1 3
7 9
597
1 3
10 10
16 16
20 53
20 27
24 26
29 32
36 44
36 37
39 44
39 40
42 44
46 52
46 46
48 48
51 52
598
1 5
1 2
3 5
8 33
8 10
12 33
12 12
15 17
20 25
20 22
27 29
31 33
599
1 1
4 5
11 13
600
2 2
4 19
4 12
4 9
11 11
14 19
14 14
18 19
28 51
28 30
35 51
35 44
35 37
39 44
48 51
601
2 4
6 14
6 7
9 14
9 10
12 14
16 19
16 17
19 19
22 32
22 24
26 32
26 29
31 32
34 34
37 44
37 41
43 44
46 72
46 51
54 60
54 54
56 56
60 60
62 67
62 62
64 67
64 65
67 67
69 72
602
1 3
603
1 19
1 2
4 18
4 12
4 9
4 6
9 9
11 11
14 18
14 15
17 17
604
1 2
6 6
605
1 8
1 5
7 8
12 22
12 14
16 22
16 18
20 22
606
1 38
1 3
5 38
5 9
5 7
8 9
11 31
11 14
17 27
17 17
19 27
19 21
23 27
23 25
27 27
30 31
33 34
36 38
36 37
40 40
607
1 1
4 6
11 16
11 13
15 16
608
1 1
3 20
3 5
7 20
7 8
11 20
11 11
13 20
17 18
609
3 3
7 8
10 12
14 30
14 15
21 22
24 30
24 26
28 30
610
1 7
1 4
7 7
14 16
611
1 5
1 1
3 5
11 12
612
2 2
4 5
9 10
12 19
12 15
17 19
21 25
21 21
23 25
30 33
30 31
33 33
40 41
613
2 2
4 6
4 4
6 6
8 18
8 14
16 18
614
1 94
1 2
4 93
4 5
6 6
8 60
8 8
10 16
10 12
15 15
18 33
18 18
20 32
20 22
25 27
30 32
35 39
41 44
41 41
43 44
47 60
47 52
48 50
48 48
50 50
54 60
54 54
56 59
56 56
58 59
62 73
62 64
67 69
72 73
77 78
80 82
84 86
89 90
92 93
615
1 1
3 52
3 5
9 9
12 52
12 14
16 52
16 20
22 52
22 29
31 52
31 32
34 37
34 35
37 37
44 47
49 49
51 51
616
2 4
6 6
8 15
8 10
12 14
17 35
17 20
22 35
22 29
31 35
617
1 2
4 18
4 12
4 9
4 6
9 9
11 11
14 18
14 15
17 17
618
1 15
1 2
4 14
4 6
7 7
9 14
9 9
11 14
619
1 1
3 26
3 4
6 26
6 8
11 26
11 13
15 26
16 17
20 26
20 24
26 26
620
2 11
3 11
3 6
8 11
13 14
16 19
16 16
18 19
26 62
26 29
31 61
31 31
33 61
33 51
33 46
33 33
35 45
37 45
37 39
41 45
41 42
45 45
48 48
50 50
54 61
54 56
58 61
70 74
71 71
74 74
621
1 44
1 3
1 1
3 3
5 18
5 8
9 11
15 18
20 43
20 38
20 20
22 28
25 26
30 31
33 38
33 34
36 38
40 40
42 42
622
1 3
7 7
10 16
10 13
16 16
20 20
623
1 4
624
1 1
4 6
8 10
8 8
10 10
12 32
12 13
15 24
15 16
18 24
18 21
23 24
26 32
26 27
29 32
34 38
34 34
36 38
625
1 36
1 4
6 35
6 6
8 35
8 8
10 30
10 11
13 23
13 14
16 23
16 16
18 23
18 20
22 23
25 30
25 26
28 30
32 32
34 34
